((0.0, 0.1, 0.0, 0.0, 1), 0.7299709320068359)
((0.0, 0.1, 0.0, 0.0, 1), 0.7776370048522949)
((0.0, 0.1, 0.0, 0.0, 1), 0.8222808837890625)
((0.0, 0.1, 0.0, 0.0, 1), 0.8652780055999756)
((0.0, 0.1, 0.0, 0.0, 1), 0.9029178619384766)
((0.0, 0.1, 0.0, 0.0, 1), 0.9392828941345215)
((0.0, 0.1, 0.0, 0.0, 1), 0.9778578281402588)
((0.0, 0.1, 0.0, 0.0, 1), 1.0211498737335205)
((0.0, 0.1, 0.0, 0.0, 1), 1.0582339763641357)
((0.0, 0.1, 0.0, 0.0, 1), 1.0936219692230225)
((0.0, 0.1, 0.0, 0.0, 1), 1.1341350078582764)
((0.0, 0.1, 0.0, 0.0, 1), 1.172518014907837)
((0.0, 0.1, 0.0, 0.0, 1), 1.2095179557800293)
((0.0, 0.1, 0.0, 0.0, 1), 1.2480669021606445)
((0.0, 0.1, 0.0, 0.0, 1), 1.291416883468628)
((0.0, 0.1, 0.0, 0.0, 1), 1.328307867050171)
((0.0, 0.1, 0.0, 0.0, 1), 1.363502025604248)
((0.0, 0.1, 0.0, 0.0, 1), 1.4022259712219238)
((0.0, 0.1, 0.0, 0.0, 1), 1.448084831237793)
((0.0, 0.1, 0.0, 0.0, 1), 1.496161937713623)
((0.0, 0.1, 0.0, 0.0, 1), 1.5336589813232422)
((0.0, 0.1, 0.0, 0.0, 1), 1.5688798427581787)
((0.0, 0.1, 0.0, 0.0, 1), 1.6063768863677979)
((0.0, 0.1, 0.0, 0.0, 1), 1.6462700366973877)
((0.0, 0.1, 0.0, 0.0, 1), 1.6990280151367188)
((0.0, 0.1, 0.0, 0.0, 1), 1.7506868839263916)
((0.0, 0.1, 0.0, 0.0, 1), 1.794260025024414)
((0.0, 0.1, 0.0, 0.0, 1), 1.8449959754943848)
((0.0, 0.1, 0.0, 0.0, 1), 1.880915880203247)
((0.6965, 0.2421, -1.4497, 0, 0), 1.9368560314178467)
((0.7106, 0.2538, -1.4895, 0, 0), 1.9975428581237793)
((0.7255, 0.2726, -1.5534, 160.49222190128648, 0), 2.058581829071045)
((0.6939, 0.2675, -1.5243, 164.37619968830376, 0), 2.1199679374694824)
((0.7371, 0.2752, -1.6313, 181.99609588600953, 0), 2.1807339191436768)
((0.7494, 0.2723, -1.6646, 167.39771907690857, 0), 2.2388498783111572)
((0.7494, 0.2695, -1.6646, 166.17096228343192, 0), 2.2985880374908447)
((0.7622, 0.2723, -1.6994, 166.17096228343192, 0), 2.360294818878174)
((0.7673, 0.2693, -1.7173, 165.25869610452767, 0), 2.4278910160064697)
((0.7673, 0.2693, -1.7173, 165.18058224820996, 0), 2.4984450340270996)
((0.7738, 0.2737, -1.7449, 165.18058224820996, 0), 2.5546059608459473)
((0.7779, 0.2751, -1.7543, 166.10108022444754, 0), 2.6145408153533936)
((0.775, 0.2751, -1.7543, 165.38144798172283, 0), 2.6721978187561035)
((0.772, 0.2722, -1.7543, 160.57690656089633, 0), 2.73032283782959)
((0.775, 0.2692, -1.7543, 164.15924818681961, 0), 2.7883448600769043)
((0.7691, 0.2692, -1.7543, 164.07147813172514, 0), 2.8483989238739014)
((0.7661, 0.2662, -1.7543, 167.61329798384571, 0), 2.904049873352051)
((0.7703, 0.2677, -1.7638, 175.93663400706694, 0), 2.964869976043701)
((0.7715, 0.2691, -1.7734, 176.30861401354872, 0), 3.0267348289489746)
((0.7685, 0.2661, -1.7734, 175.71846376492942, 0), 3.0876870155334473)
((0.7655, 0.2631, -1.7734, 190.53466477765474, 0), 3.149732828140259)
((0.7607, 0.2646, -1.7831, 212.99222408726513, 0), 3.2121739387512207)
((0.7547, 0.2706, -1.7831, 206.40567528907278, 0), 3.280362844467163)
((0.7337, 0.2616, -1.7831, 210.99300399227593, 0), 3.34230899810791)
((0.7357, 0.2541, -1.7734, 235.11052664518974, 0), 3.4074599742889404)
((0.7391, 0.22, -1.6732, 240.23664811068869, 0), 3.470237970352173)
((0.6355, 0.4124, -1.8648, 341.58624828284894, 0), 3.5306270122528076)
((0.6386, 0.4124, -1.8648, 233.15731478597976, 0), 3.5881989002227783)
((0.6418, 0.4155, -1.8648, 235.48232959247304, 0), 3.6442689895629883)
((0.6449, 0.4155, -1.8648, 234.19373022439677, 0), 3.7016489505767822)
((0.6469, 0.4233, -1.8437, 232.8423385007755, 0), 3.7692689895629883)
((0.6763, 0.4565, -1.8648, 241.964110418107, 0), 3.8256349563598633)
((0.6818, 0.4665, -1.8542, 223.81917987318951, 0), 3.8836069107055664)
((0.6881, 0.4728, -1.8542, 216.12786700708244, 0), 3.9520299434661865)
((0.6896, 0.4674, -1.8333, 210.50271778157531, 0), 4.010530948638916)
((0.7037, 0.4728, -1.8542, 197.18065500203318, 0), 4.070166826248169)
((0.7099, 0.4759, -1.8542, 81.165476834463973, 0), 4.1307549476623535)
((0.713, 0.4728, -1.8542, 81.543909873269328, 0), 4.193434000015259)
((0.7142, 0.4643, -1.8333, 81.532205409635509, 0), 4.253697872161865)
((0.7235, 0.4612, -1.8333, 65.556045219583396, 0), 4.3126280307769775)
((0.7194, 0.4648, -1.823, 82.268215345493459, 0), 4.3743908405303955)
((0.7041, 0.4648, -1.823, 45.877251978073268, 0), 4.445380926132202)
((0.6971, 0.4684, -1.8129, 35.555045411785798, 0), 4.5050458908081055)
((0.6803, 0.4737, -1.8333, 12.293568468413719, 0), 4.57322883605957)
((0.6544, 0.4714, -1.8129, 270.0, 0), 4.634317874908447)
((0.6182, 0.4679, -1.823, 309.95385766814172, 0), 4.708861827850342)
((0.597, 0.4768, -1.8333, 288.79035393177293, 0), 4.777889013290405)
((0.5568, 0.4741, -1.823, 280.21354199530441, 0), 4.848165988922119)
((0.5135, 0.4732, -1.8437, 273.74400454468071, 0), 4.907583951950073)
((0.5008, 0.479, -1.8542, 267.16481108359915, 0), 4.9818689823150635)
((0.4714, 0.4938, -1.8864, 261.87723667225612, 0), 5.042981863021851)
((0.4429, 0.4906, -1.8864, 254.75946620722723, 0), 5.110184907913208)
((0.4241, 0.5153, -1.9312, 253.87317600164741, 0), 5.1695029735565186)
((0.3981, 0.5153, -1.9312, 249.08697634968425, 0), 5.230258941650391)
((0.3822, 0.5612, -1.9661, 245.22344181532569, 0), 5.290581941604614)
((0.0, 0.1, 0.0, 0.0, 1), 5.33059287071228)
((0.0, 0.1, 0.0, 0.0, 1), 5.368852853775024)
((0.0, 0.1, 0.0, 0.0, 1), 5.407078981399536)
((0.0, 0.1, 0.0, 0.0, 1), 5.4437079429626465)
((0.0, 0.1, 0.0, 0.0, 1), 5.502629995346069)
((0.0, 0.1, 0.0, 0.0, 1), 5.535902976989746)
((0.0, 0.1, 0.0, 0.0, 1), 5.571749925613403)
((0.0, 0.1, 0.0, 0.0, 1), 5.612355947494507)
((0.0, 0.1, 0.0, 0.0, 1), 5.64910888671875)
((0.2187, 0.5926, -2.221, 238.76922349942532, 0), 5.70931601524353)
((0.208, 0.582, -2.2673, 224.29692781357491, 0), 5.7632269859313965)
((0.1929, 0.5787, -2.3157, 218.13386846039387, 0), 5.816375017166138)
((0.1692, 0.5593, -2.3662, 214.18580903155569, 0), 5.873292922973633)
((0.1533, 0.5433, -2.3662, 212.9293643352637, 0), 5.929844856262207)
((0.1364, 0.5145, -2.4189, 213.54376430212866, 0), 5.988276958465576)
((0.1087, 0.4812, -2.437, 209.92416497191502, 0), 6.0546510219573975)
((0.0902, 0.4585, -2.493, 211.94628810488305, 0), 6.116106986999512)
((0.0729, 0.4383, -2.4741, 208.72537655021094, 0), 6.177500009536743)
((0.0571, 0.4068, -2.5123, 211.33549070850583, 0), 6.234607934951782)
((0.0359, 0.3728, -2.5123, 209.01952198637312, 0), 6.2927069664001465)
((0.0234, 0.35, -2.5318, 215.08608383393943, 0), 6.355445861816406)
((0.0107, 0.3414, -2.5318, 218.10918621007011, 0), 6.420392990112305)
((0.0021, 0.3052, -2.5516, 223.74503246637582, 0), 6.501643896102905)
((-0.0107, 0.2943, -2.5318, 219.19841311235297, 0), 6.562984943389893)
((-0.0234, 0.2814, -2.5318, 232.49357743758145, 0), 6.6208508014678955)
((-0.032, 0.2686, -2.5318, 234.33533527325562, 0), 6.678697824478149)
((-0.0405, 0.2643, -2.5318, 252.38471780385728, 0), 6.734367847442627)
((-0.0405, 0.2472, -2.5318, 243.03217317649359, 0), 6.7948198318481445)
((-0.0405, 0.2386, -2.5318, 258.70135733460484, 0), 6.862030029296875)
((-0.0405, 0.2172, -2.5318, 255.68177404339733, 0), 6.9231038093566895)
((-0.0362, 0.2, -2.5318, 270.0, 0), 6.99544095993042)
((-0.0408, 0.1887, -2.5516, 270.0, 0), 7.056579828262329)
((-0.0447, 0.1786, -2.5318, 270.0, 0), 7.117268800735474)
((-0.0402, 0.1645, -2.5123, 270.0, 0), 7.188604831695557)
((-0.0405, 0.1401, -2.5318, 319.25383643611895, 0), 7.2464869022369385)
((-0.0362, 0.1187, -2.5318, 270.0, 0), 7.3054358959198)
((-0.0444, 0.1305, -2.5123, 90.0, 0), 7.368656873703003)
((0.0, 0.1, 0.0, 0.0, 1), 7.4105448722839355)
((0.0, 0.1, 0.0, 0.0, 1), 7.447821855545044)
((0.0, 0.1, 0.0, 0.0, 1), 7.49591588973999)
((0.0, 0.1, 0.0, 0.0, 1), 7.541332006454468)
((-0.0608, 0.062, -2.493, 348.69006752597971, 0), 7.598177909851074)
((-0.0824, 0.071, -2.5123, 332.38162109858797, 0), 7.661221027374268)
((-0.0937, 0.0573, -2.4741, 294.95697634489522, 0), 7.716526985168457)
((0.0, 0.1, 0.0, 0.0, 1), 7.7504448890686035)
((0.0, 0.1, 0.0, 0.0, 1), 7.79069185256958)
((-0.1251, 0.0359, -2.437, 315.09947173949388, 0), 7.853164911270142)
((-0.1404, 0.0192, -2.4189, 323.6617223357427, 0), 7.92089581489563)
((-0.1538, 0.0111, -2.437, 319.71362951689844, 0), 7.982172012329102)
((-0.1608, 0.0029, -2.4189, 303.53849174331162, 0), 8.042330980300903)
((-0.1677, -0.0012, -2.4011, 313.18247623072187, 0), 8.113387823104858)
((-0.1717, -0.0215, -2.4011, 314.82518504433096, 0), 8.173027992248535)
((0.0, 0.1, 0.0, 0.0, 1), 8.21239686012268)
((-0.1812, -0.0299, -2.4189, 311.13809366008616, 0), 8.27157187461853)
((-0.1798, -0.0378, -2.4011, 301.61015728700295, 0), 8.333123922348022)
((0.0, 0.1, 0.0, 0.0, 1), 8.370851993560791)
((-0.1798, -0.0418, -2.4011, 318.78490554598034, 0), 8.43074083328247)
((0.0, 0.1, 0.0, 0.0, 1), 8.470536947250366)
((-0.1758, -0.0703, -2.4011, 310.29298939995925, 0), 8.532997846603394)
((-0.1865, -0.0536, -2.3835, 305.30180578066557, 0), 8.589532852172852)
((-0.1852, -0.0492, -2.3662, 307.52050998450699, 0), 8.646173000335693)
((-0.1904, -0.0485, -2.3323, 336.08257848821415, 0), 8.698829889297485)
((-0.1957, -0.0409, -2.3491, 341.1295007732059, 0), 8.753484010696411)
((-0.2076, -0.037, -2.3491, 331.69924423399362, 0), 8.820505857467651)
((-0.2061, -0.0367, -2.3323, 325.3793980365088, 0), 8.885113000869751)
((-0.2061, -0.0367, -2.3323, 343.95852894908649, 0), 8.946899890899658)
((-0.21, -0.0209, -2.3323, 339.07977230523784, 0), 9.015190839767456)
((-0.2076, -0.0052, -2.3491, 336.30076005185418, 0), 9.07568883895874)
((-0.2036, 0.0028, -2.3491, 328.55261022038786, 0), 9.137662887573242)
((-0.1996, 0.0147, -2.3491, 333.56834969831516, 0), 9.198941946029663)
((-0.1943, 0.0304, -2.3323, 319.899092453788, 0), 9.258185863494873)
((-0.1878, 0.0505, -2.3491, 270.0, 0), 9.318105936050415)
((-0.1825, 0.058, -2.3323, 90.0, 0), 9.383652925491333)
((-0.1747, 0.0738, -2.3323, 56.204706183670567, 0), 9.439033031463623)
((-0.1641, 0.0942, -2.3491, 90.0, 0), 9.494791030883789)
((-0.159, 0.1093, -2.3323, 111.80140948635173, 0), 9.550634860992432)
((-0.155, 0.1211, -2.3323, 90.0, 0), 9.60652780532837)
((-0.1383, 0.1399, -2.3157, 72.286952922311542, 0), 9.663594007492065)
((-0.1306, 0.1595, -2.3157, 62.910916671491705, 0), 9.722729921340942)
((-0.1258, 0.1817, -2.2994, 64.170326847163125, 0), 9.778501033782959)
((-0.1267, 0.1908, -2.3157, 64.3453995810859, 0), 9.835594892501831)
((-0.121, 0.2074, -2.2832, 61.337005536596152, 0), 9.888475894927979)
((-0.124, 0.2252, -2.2673, 51.397044058579993, 0), 9.944695949554443)
((-0.1249, 0.2384, -2.2832, 37.954230875132538, 0), 10.000458002090454)
((-0.1307, 0.2503, -2.2517, 30.74590290697633, 0), 10.061515808105469)
((-0.1374, 0.2637, -2.2362, 19.347022280803376, 0), 10.12429690361023)
((-0.1449, 0.2751, -2.2362, 10.378282381422267, 0), 10.184136867523193)
((-0.1524, 0.2788, -2.2362, 355.25425205619769, 0), 10.245891809463501)
((-0.1615, 0.2863, -2.2059, 344.66563407290789, 0), 10.3035409450531)
((-0.1775, 0.2995, -2.221, 339.10223450116109, 0), 10.365470886230469)
((-0.1899, 0.2955, -2.1911, 331.78951922627442, 0), 10.42458701133728)
((-0.2023, 0.3087, -2.2059, 323.19984157490472, 0), 10.488423824310303)
((-0.2209, 0.3124, -2.2059, 308.10224645908045, 0), 10.54799199104309)
((-0.2231, 0.3177, -2.1911, 308.84130720196418, 0), 10.612206935882568)
((-0.2452, 0.3214, -2.1911, 303.25863155754718, 0), 10.674121856689453)
((-0.2729, 0.331, -2.2059, 292.70284212321286, 0), 10.73914384841919)
((-0.2988, 0.3348, -2.2059, 283.31783874187767, 0), 10.804869890213013)
((-0.3308, 0.3408, -2.221, 281.69325152937773, 0), 10.865651845932007)
((-0.3607, 0.3483, -2.221, 264.90323079019072, 0), 10.923188924789429)
((-0.3933, 0.3545, -2.2362, 270.0, 0), 10.992650032043457)
((-0.4323, 0.362, -2.2832, 257.49803849960944, 0), 11.052670001983643)
((-0.4438, 0.3658, -2.2832, 251.42317478117718, 0), 11.112079858779907)
((-0.463, 0.362, -2.2832, 250.87384876437116, 0), 11.175534009933472)
((-0.4856, 0.3295, -2.2994, 248.99770653689785, 0), 11.23757791519165)
((-0.5047, 0.3436, -2.3157, 245.7484751564028, 0), 11.301474809646606)
((-0.5125, 0.3201, -2.3157, 244.65382405805337, 0), 11.368578910827637)
((-0.5316, 0.3151, -2.3662, 242.80570178634903, 0), 11.435067892074585)
((-0.5276, 0.267, -2.3662, 234.12902344089284, 0), 11.491194009780884)
((0.0, 0.1, 0.0, 0.0, 1), 11.52676796913147)
((0.0, 0.1, 0.0, 0.0, 1), 11.566256999969482)
((0.0, 0.1, 0.0, 0.0, 1), 11.603062868118286)
((-0.5272, 0.2361, -2.4189, 228.97731717313275, 0), 11.66030502319336)
((0.0, 0.1, 0.0, 0.0, 1), 11.694605827331543)
((0.0, 0.1, 0.0, 0.0, 1), 11.74367880821228)
((0.0, 0.1, 0.0, 0.0, 1), 11.78142499923706)
((-0.5031, 0.2141, -2.4011, 216.23751957786905, 0), 11.841221809387207)
((-0.491, 0.206, -2.4011, 210.9851915402441, 0), 11.900400876998901)
((0.0, 0.1, 0.0, 0.0, 1), 11.938633918762207)
((0.0, 0.1, 0.0, 0.0, 1), 11.979440927505493)
((-0.4748, 0.2019, -2.4011, 201.8181650874279, 0), 12.037951946258545)
((0.0, 0.1, 0.0, 0.0, 1), 12.07571792602539)
((-0.4627, 0.1978, -2.4011, 185.71540467422943, 0), 12.135381937026978)
((-0.448, 0.227, -2.3662, 167.31023276767331, 0), 12.197229862213135)
((-0.436, 0.223, -2.3662, 131.6899389700674, 0), 12.256824016571045)
((-0.418, 0.2237, -2.3323, 123.43002795209802, 0), 12.318197965621948)
((0.0, 0.1, 0.0, 0.0, 1), 12.356343030929565)
((-0.4034, 0.23, -2.3157, 73.384081556112747, 0), 12.418784856796265)
((-0.3939, 0.2268, -2.2832, 67.873230166068311, 0), 12.479301929473877)
((-0.3823, 0.2306, -2.2832, 44.488824452157587, 0), 12.5399489402771)
((-0.3785, 0.2384, -2.2832, 45.696060269206818, 0), 12.609257936477661)
((-0.3644, 0.2367, -2.2673, 43.657375973462209, 0), 12.678297996520996)
((-0.3593, 0.2384, -2.2832, 39.52645302807003, 0), 12.741715908050537)
((-0.3516, 0.2113, -2.2832, 41.251229265250558, 0), 12.80479383468628)
((-0.3516, 0.2345, -2.2832, 49.271685588037997, 0), 12.860735893249512)
((-0.3439, 0.2306, -2.2832, 45.479165001522155, 0), 12.918741941452026)
((-0.3401, 0.2306, -2.2832, 56.470825035707328, 0), 12.978773832321167)
((-0.3324, 0.2229, -2.2832, 62.822760774194585, 0), 13.037503957748413)
((-0.3324, 0.2268, -2.2832, 90.0, 0), 13.096679925918579)
((-0.3208, 0.2074, -2.2832, 90.0, 0), 13.159754037857056)
((-0.3208, 0.2229, -2.2832, 90.0, 0), 13.2202889919281)
((-0.317, 0.2268, -2.2832, 110.03584562658631, 0), 13.281340837478638)
((0.0, 0.1, 0.0, 0.0, 1), 13.319257020950317)
((0.0, 0.1, 0.0, 0.0, 1), 13.357326030731201)
((-0.3199, 0.2277, -2.3323, 90.0, 0), 13.427284002304077)
((-0.3143, 0.2293, -2.3491, 147.15285654621101, 0), 13.48632001876831)
((-0.312, 0.2277, -2.3323, 150.48974384331527, 0), 13.550195932388306)
((-0.3143, 0.2452, -2.3491, 146.98843911964528, 0), 13.619745969772339)
((-0.3126, 0.251, -2.3662, 158.61954379640139, 0), 13.67860198020935)
((-0.3069, 0.2529, -2.3835, 166.5826180873301, 0), 13.735704898834229)
((0.0, 0.1, 0.0, 0.0, 1), 13.774394989013672)
((-0.297, 0.2385, -2.4011, 165.73548770192016, 0), 13.835028886795044)
((-0.2868, 0.2448, -2.3835, 168.58730331616056, 0), 13.895100831985474)
((0.0, 0.1, 0.0, 0.0, 1), 13.949018001556396)
((-0.2768, 0.2425, -2.4011, 161.27421215472751, 0), 14.00933289527893)
((-0.2687, 0.2344, -2.4011, 161.17232159612831, 0), 14.071039915084839)
((-0.2666, 0.2443, -2.4189, 143.34389158403309, 0), 14.13331389427185)
((0.0, 0.1, 0.0, 0.0, 1), 14.172235012054443)
((0.0, 0.1, 0.0, 0.0, 1), 14.211022853851318)
((-0.2566, 0.2466, -2.4011, 145.65203741187608, 0), 14.26991081237793)
((-0.2485, 0.2425, -2.4011, 141.15785077181397, 0), 14.33316683769226)
((0.0, 0.1, 0.0, 0.0, 1), 14.36999797821045)
((-0.2387, 0.2287, -2.3835, 128.31838493142121, 0), 14.433619976043701)
((0.0, 0.1, 0.0, 0.0, 1), 14.468844890594482)
((0.0, 0.1, 0.0, 0.0, 1), 14.51148796081543)
((0.0, 0.1, 0.0, 0.0, 1), 14.545007944107056)
((0.0, 0.1, 0.0, 0.0, 1), 14.587147951126099)
((-0.2335, 0.2474, -2.3323, 103.17568126367283, 0), 14.644335985183716)
((-0.2335, 0.2514, -2.3323, 55.102388726547765, 0), 14.706332921981812)
((-0.228, 0.2417, -2.3157, 42.705930902818878, 0), 14.770485877990723)
((-0.2325, 0.2422, -2.2832, 40.933681225193979, 0), 14.83341383934021)
((-0.2363, 0.2422, -2.2832, 20.593315956505755, 0), 14.897583961486816)
((-0.2347, 0.2405, -2.2673, 15.366085212823357, 0), 14.962690830230713)
((-0.2385, 0.2405, -2.2673, 11.88294369993487, 0), 15.023157835006714)
((-0.2385, 0.2405, -2.2673, 7.7040077326891225, 0), 15.082105875015259)
((-0.2385, 0.2367, -2.2673, 4.2742491873271877, 0), 15.14298391342163)
((-0.2406, 0.2351, -2.2517, 0.098615702125621818, 0), 15.207311868667603)
((-0.2406, 0.2351, -2.2517, 354.96584755546064, 0), 15.267513036727905)
((-0.2406, 0.2351, -2.2517, 354.96584755546064, 0), 15.327473878860474)
((-0.2444, 0.2198, -2.2517, 348.86233333135522, 0), 15.389026880264282)
((-0.2385, 0.229, -2.2673, 339.3045492659366, 0), 15.44998288154602)
((-0.2385, 0.229, -2.2673, 352.12230032813318, 0), 15.511952877044678)
((-0.2385, 0.2252, -2.2673, 270.0, 0), 15.57572603225708)
((-0.2368, 0.216, -2.2517, None, 0), 15.630875825881958)
((-0.2368, 0.216, -2.2517, 6.2192296887910574, 0), 15.693352937698364)
((-0.2347, 0.2175, -2.2673, 6.2192296887910574, 0), 15.768326997756958)
((-0.2309, 0.2137, -2.2673, 159.28312494454471, 0), 15.834074974060059)
((-0.2347, 0.2098, -2.2673, 148.12686301872739, 0), 15.897539854049683)
((-0.2325, 0.2036, -2.2832, 159.28312494454471, 0), 15.958832025527954)
((-0.2309, 0.2022, -2.2673, 159.30454926593666, 0), 16.016252994537354)
((-0.2325, 0.2036, -2.2832, 90.0, 0), 16.074059009552002)
((-0.2325, 0.1997, -2.2832, 159.32557523912595, 0), 16.130271911621094)
((-0.2286, 0.1997, -2.2832, 159.32557523912595, 0), 16.196805953979492)
((-0.2248, 0.192, -2.2832, 165.40874771198003, 0), 16.256853818893433)
((-0.2248, 0.192, -2.2832, 159.14554196042153, 0), 16.317636013031006)
((-0.2209, 0.1959, -2.2832, 148.09189306434655, 0), 16.377224922180176)
((-0.2133, 0.1959, -2.2832, 147.83294741422387, 0), 16.44267702102661)
((-0.2094, 0.1997, -2.2832, 126.61200390580844, 0), 16.49825382232666)
((-0.2056, 0.1997, -2.2832, 90.0, 0), 16.558754920959473)
((-0.2017, 0.1959, -2.2832, 122.14765693360876, 0), 16.62186288833618)
((-0.1954, 0.2011, -2.2994, 90.0, 0), 16.677631855010986)
((-0.1864, 0.1959, -2.2832, 113.58885738414979, 0), 16.741997003555298)
((-0.1761, 0.205, -2.2994, 90.0, 0), 16.801755905151367)
((-0.1761, 0.205, -2.2994, 108.3996464370547, 0), 16.872952938079834)
((-0.171, 0.2113, -2.2832, 108.3996464370547, 0), 16.93165397644043)
((-0.1668, 0.2119, -2.3323, 90.0, 0), 16.99175786972046)
((-0.1668, 0.2159, -2.3323, 136.55786939663855, 0), 17.051836013793945)
((-0.1645, 0.2128, -2.2994, 139.05453327867724, 0), 17.111037015914917)
((-0.1645, 0.2206, -2.2994, 111.51240422234636, 0), 17.173911809921265)
((-0.1595, 0.2152, -2.2832, 113.53234856090099, 0), 17.236752033233643)
((-0.1606, 0.2245, -2.2994, 65.712557781256095, 0), 17.299582958221436)
((-0.1645, 0.2284, -2.2994, 122.12499844038749, 0), 17.361690998077393)
((-0.1606, 0.2361, -2.2994, 90.0, 0), 17.422305822372437)
((-0.1645, 0.2439, -2.2994, 90.0, 0), 17.477988958358765)
((-0.1595, 0.2499, -2.2832, 158.1376375797135, 0), 17.547144889831543)
((-0.1518, 0.2538, -2.2832, 8.4565704991474124, 0), 17.601998805999756)
((-0.1595, 0.2693, -2.2832, 16.987858592645249, 0), 17.657121896743774)
((-0.1545, 0.2674, -2.2673, 17.15242174021186, 0), 17.712618827819824)
((-0.1545, 0.2789, -2.2673, 17.303194469049156, 0), 17.773626804351807)
((-0.1497, 0.2884, -2.2517, 17.456558133667102, 0), 17.836323022842407)
((-0.1497, 0.3036, -2.2517, 12.871740002178045, 0), 17.90042495727539)
((-0.1476, 0.307, -2.221, 17.237681240059057, 0), 17.96610999107361)
((-0.1476, 0.322, -2.221, 9.4149115614090864, 0), 18.024876832962036)
((-0.1466, 0.3236, -2.2059, 12.164611689547234, 0), 18.084692001342773)
((-0.1503, 0.3348, -2.2059, 9.4743414609462757, 0), 18.151079893112183)
((-0.1541, 0.3497, -2.2059, 1.1116802628908486, 0), 18.21355700492859)
((-0.151, 0.3537, -2.162, 3.9960592718400942, 0), 18.27551794052124)
((-0.1546, 0.3647, -2.162, 1.9037172602525436, 0), 18.34135103225708)
((-0.1572, 0.3696, -2.1477, 359.94558807000129, 0), 18.402623891830444)
((-0.1619, 0.383, -2.162, 355.87523339385763, 0), 18.46667790412903)
((-0.1681, 0.3841, -2.1477, 352.25478773482723, 0), 18.531090021133423)
((-0.1717, 0.395, -2.1477, 344.37515104615738, 0), 18.590584993362427)
((-0.1717, 0.4023, -2.1477, 341.79986863087169, 0), 18.654825925827026)
((-0.1802, 0.4078, -2.1197, 336.67084133146335, 0), 18.713733911514282)
((-0.1944, 0.415, -2.1197, 340.86998916319726, 0), 18.77155900001526)
((-0.2087, 0.4221, -2.1197, 334.94309296897126, 0), 18.84036898612976)
((-0.2295, 0.4313, -2.1477, 306.24522701020078, 0), 18.901904821395874)
((-0.2548, 0.435, -2.1477, 280.80890190608403, 0), 18.96717095375061)
((-0.282, 0.4415, -2.162, 270.0, 0), 19.02556085586548)
((-0.2965, 0.4305, -2.162, 270.0, 0), 19.084909915924072)
((-0.3184, 0.4488, -2.162, 263.64511577312834, 0), 19.15317392349243)
((-0.3461, 0.4518, -2.1764, 264.43252030563809, 0), 19.220011949539185)
((-0.3644, 0.4723, -2.221, 260.65492320076083, 0), 19.28059697151184)
((-0.3794, 0.4761, -2.221, 241.19159442698208, 0), 19.345448970794678)
((-0.3868, 0.4836, -2.221, 241.29631661884733, 0), 19.408557891845703)
((-0.3998, 0.4865, -2.2517, 240.36957830767781, 0), 19.472615003585815)
((-0.4064, 0.5014, -2.2673, 238.58812918988397, 0), 19.548394918441772)
((-0.4131, 0.5165, -2.2832, 231.72944857475173, 0), 19.61189293861389)
((-0.4149, 0.517, -2.2517, 227.24707635967729, 0), 19.68033003807068)
((-0.4131, 0.5358, -2.2832, 232.85238161783897, 0), 19.753495931625366)
((-0.4169, 0.5435, -2.2832, 218.00240177947356, 0), 19.81632399559021)
((-0.4111, 0.5513, -2.2517, 213.54124765412286, 0), 19.874307870864868)
((-0.4102, 0.5628, -2.2673, 236.67957753586731, 0), 19.93067693710327)
((-0.4046, 0.5626, -2.2362, 213.63291464766593, 0), 19.991447925567627)
((-0.4046, 0.5664, -2.2362, 229.50490686360689, 0), 20.05426287651062)
((-0.4046, 0.574, -2.2362, 342.79342741195831, 0), 20.11579203605652)
((-0.4001, 0.555, -2.1911, 3.3124590022163347, 0), 20.18061590194702)
((-0.3984, 0.5403, -2.162, 8.0342755353954516, 0), 20.240185022354126)
((-0.3958, 0.5222, -2.1477, 10.422842905829819, 0), 20.29997181892395)
((-0.402, 0.511, -2.162, 7.2758902039302269, 0), 20.362708806991577)
((-0.3994, 0.5004, -2.1477, 7.0086208167647444, 0), 20.42199182510376)
((-0.403, 0.4822, -2.1477, 6.4187867302388035, 0), 20.47802186012268)
((-0.404, 0.461, -2.1336, 3.4450864632402087, 0), 20.546379804611206)
((-0.4094, 0.4372, -2.106, 0.33505921860911725, 0), 20.60482692718506)
((-0.4129, 0.4194, -2.106, 357.88866937442401, 0), 20.674420833587646)
((-0.4165, 0.4016, -2.106, 356.35243973449491, 0), 20.73071599006653)
((-0.4192, 0.4042, -2.1197, 349.09200009651471, 0), 20.794557809829712)
((0.0, 0.1, 0.0, 0.0, 1), 20.83096981048584)
((0.0, 0.1, 0.0, 0.0, 1), 20.86887001991272)
((0.0, 0.1, 0.0, 0.0, 1), 20.902983903884888)
((-0.4227, 0.3576, -2.1197, 333.81546548324116, 0), 20.972661018371582)
((0.0, 0.1, 0.0, 0.0, 1), 21.008490800857544)
((0.0, 0.1, 0.0, 0.0, 1), 21.045885801315308)
((-0.4166, 0.3464, -2.162, 316.14784928001944, 0), 21.112754821777344)
((-0.4121, 0.3487, -2.1764, 270.0, 0), 21.178810834884644)
((-0.4075, 0.3474, -2.1911, 203.86980743213354, 0), 21.247053861618042)
((-0.3791, 0.3524, -2.1764, 185.91965320679398, 0), 21.305763959884644)
((-0.3816, 0.3362, -2.1911, 149.81019549084817, 0), 21.366219997406006)
((-0.3706, 0.3251, -2.1911, 161.90910506063915, 0), 21.424006938934326)
((-0.3535, 0.3524, -2.1764, 153.56976217298623, 0), 21.488209009170532)
((-0.3471, 0.3422, -2.2059, 138.17507251964997, 0), 21.549800872802734)
((-0.3443, 0.3242, -2.2362, 140.089981892042, 0), 21.604601860046387)
((-0.3293, 0.3432, -2.2362, 146.06096956347645, 0), 21.673038005828857)
((-0.3126, 0.3379, -2.2517, 130.36263141317551, 0), 21.74331498146057)
((-0.3088, 0.3189, -2.2517, 127.11785026477436, 0), 21.801275968551636)
((-0.2995, 0.3249, -2.2673, 121.54916615965668, 0), 21.859139919281006)
((-0.2861, 0.3417, -2.2517, 138.79177034323664, 0), 21.920105934143066)
((-0.2786, 0.3195, -2.2832, 122.39737258457662, 0), 21.981727838516235)
((-0.2614, 0.3403, -2.2673, 135.03112209336123, 0), 22.040759801864624)
((-0.2632, 0.3195, -2.2832, 134.62429535534321, 0), 22.10453486442566)
((-0.2535, 0.314, -2.2994, 132.65545251054138, 0), 22.16692590713501)
((-0.2457, 0.3217, -2.2994, 124.83927707236275, 0), 22.226929903030396)
((-0.2397, 0.3162, -2.3157, 127.08858276526688, 0), 22.289079904556274)
((-0.2241, 0.3436, -2.3157, 131.28038088422502, 0), 22.354048013687134)
((-0.2202, 0.3162, -2.3157, 127.07498716380702, 0), 22.42220902442932)
((-0.2124, 0.3123, -2.3157, 121.39740654205255, 0), 22.478806018829346)
((-0.1929, 0.3358, -2.3157, 130.97057003095605, 0), 22.535590887069702)
((-0.189, 0.3397, -2.3157, 110.76822374216846, 0), 22.59272003173828)
((-0.1851, 0.3436, -2.3157, 123.76305574065522, 0), 22.66476583480835)
((-0.1773, 0.3358, -2.3157, 112.59381430897309, 0), 22.730549812316895)
((-0.1722, 0.3373, -2.2994, 102.07421543425585, 0), 22.794485807418823)
((-0.1671, 0.3233, -2.2832, 90.0, 0), 22.85236883163452)
((-0.1683, 0.3334, -2.2994, 65.883923013193012, 0), 22.916733980178833)
((-0.1633, 0.3233, -2.2832, 73.716140529591485, 0), 22.97536587715149)
((0.0, 0.1, 0.0, 0.0, 1), 23.017228841781616)
((0.0, 0.1, 0.0, 0.0, 1), 23.053277015686035)
((-0.1606, 0.3217, -2.2994, 60.265964014212052, 0), 23.11855387687683)
((-0.1617, 0.2927, -2.3157, 72.532680550261347, 0), 23.180567026138306)
((0.0, 0.1, 0.0, 0.0, 1), 23.218097925186157)
((-0.1529, 0.314, -2.2994, 90.0, 0), 23.280210971832275)
((-0.1578, 0.3123, -2.3157, 65.699703371145148, 0), 23.33851194381714)
((0.0, 0.1, 0.0, 0.0, 1), 23.37350296974182)
((-0.15, 0.3083, -2.3157, 90.0, 0), 23.43644380569458)
((-0.1441, 0.304, -2.2832, 90.0, 0), 23.503544807434082)
((-0.15, 0.3083, -2.3157, 60.036015451723721, 0), 23.560503005981445)
((-0.1511, 0.2987, -2.3323, 152.2487258262332, 0), 23.626286029815674)
((-0.1511, 0.3066, -2.3323, 152.39959563637717, 0), 23.690961837768555)
((-0.1522, 0.3009, -2.3491, 166.04615692518692, 0), 23.75705885887146)
((-0.1443, 0.3009, -2.3491, 170.40686573726967, 0), 23.81339693069458)
((-0.1443, 0.2969, -2.3491, 152.48237518212144, 0), 23.87749195098877)
((-0.1464, 0.2972, -2.3835, 170.18285188132199, 0), 23.93764090538025)
((-0.1424, 0.2932, -2.3835, 170.4554744344419, 0), 24.00365686416626)
((-0.1424, 0.273, -2.3835, 173.6041632931003, 0), 24.06596803665161)
((-0.1434, 0.271, -2.4011, 179.02897806892082, 0), 24.12900996208191)
((-0.1313, 0.2913, -2.4011, 175.5807732348816, 0), 24.1960129737854)
((0.0, 0.1, 0.0, 0.0, 1), 24.233144998550415)
((-0.1323, 0.2648, -2.4189, 163.94467372838025, 0), 24.291769981384277)
((-0.1292, 0.2668, -2.437, 167.75170794185519, 0), 24.352662801742554)
((0.0, 0.1, 0.0, 0.0, 1), 24.390106916427612)
((0.0, 0.1, 0.0, 0.0, 1), 24.425360918045044)
((0.0, 0.1, 0.0, 0.0, 1), 24.46437382698059)
((0.0, 0.1, 0.0, 0.0, 1), 24.499112844467163)
((0.0, 0.1, 0.0, 0.0, 1), 24.537580966949463)
((0.0, 0.1, 0.0, 0.0, 1), 24.574134826660156)
((0.0, 0.1, 0.0, 0.0, 1), 24.61176300048828)
((0.0, 0.1, 0.0, 0.0, 1), 24.65640091896057)
((0.0, 0.1, 0.0, 0.0, 1), 24.692384958267212)
((0.0, 0.1, 0.0, 0.0, 1), 24.738533973693848)
((0.0, 0.1, 0.0, 0.0, 1), 24.77681589126587)
((0.0, 0.1, 0.0, 0.0, 1), 24.809605836868286)
((-0.1079, 0.2402, -2.4189, 165.33667880552986, 0), 24.863699913024902)
((-0.1038, 0.2484, -2.4189, 152.4584107871604, 0), 24.929073810577393)
((-0.1038, 0.2443, -2.4189, 149.87644015308845, 0), 24.995054960250854)
((-0.1055, 0.259, -2.3662, 129.72610404264793, 0), 25.052814960479736)
((-0.1063, 0.2408, -2.3835, 64.881187069043762, 0), 25.111337900161743)
((-0.1103, 0.265, -2.3835, 90.0, 0), 25.17202091217041)
((-0.1087, 0.2572, -2.3491, 61.999436176550425, 0), 25.23131489753723)
((-0.1166, 0.2452, -2.3491, 23.490507197873974, 0), 25.28959083557129)
((-0.1245, 0.2691, -2.3491, 12.67647691701166, 0), 25.3486750125885)
((-0.1393, 0.275, -2.3323, 3.0606822215434923, 0), 25.40885090827942)
((-0.15, 0.2653, -2.3157, 340.07003367758466, 0), 25.47465991973877)
((-0.1695, 0.2731, -2.3157, 335.88315854453117, 0), 25.547065019607544)
((-0.1799, 0.275, -2.2994, 327.51803174924214, 0), 25.60293984413147)
((-0.1877, 0.275, -2.2994, 311.91906411342694, 0), 25.658501863479614)
((-0.2017, 0.2731, -2.2832, 315.93465185723329, 0), 25.715905904769897)
((-0.2171, 0.2731, -2.2832, 317.65814572054393, 0), 25.77048397064209)
((-0.227, 0.2712, -2.2673, 301.29682274371976, 0), 25.824800968170166)
((-0.2478, 0.277, -2.2832, 306.53630153478844, 0), 25.88521981239319)
((-0.2632, 0.2731, -2.2832, 298.12311221698457, 0), 25.95943284034729)
((-0.2881, 0.2674, -2.2673, 291.61779538330643, 0), 26.01874089241028)
((-0.2995, 0.2635, -2.2673, 289.31406728117372, 0), 26.077035903930664)
((-0.3126, 0.2579, -2.2517, 290.42068588430374, 0), 26.14083981513977)
((-0.3316, 0.2541, -2.2517, 289.77135089408142, 0), 26.207384824752808)
((-0.3331, 0.2524, -2.2362, 288.33933643021663, 0), 26.265400886535645)
((-0.3429, 0.2427, -2.2517, 289.68144180367915, 0), 26.32728600502014)
((-0.3519, 0.2221, -2.2362, 284.0576744673059, 0), 26.38732385635376)
((-0.3568, 0.2444, -2.2673, 283.9822621578075, 0), 26.44370198249817)
((-0.3581, 0.2389, -2.2517, 278.29928955387612, 0), 26.49987483024597)
((-0.3594, 0.2334, -2.2362, 288.36246843209335, 0), 26.559201955795288)
((-0.3682, 0.2367, -2.2673, 293.56611410581831, 0), 26.6168429851532)
((-0.3532, 0.2356, -2.221, 270.0, 0), 26.674386978149414)
((-0.3631, 0.2461, -2.2832, 307.09502725153772, 0), 26.737874031066895)
((-0.3593, 0.2229, -2.2832, 225.00000000000011, 0), 26.80941081047058)
((-0.3516, 0.2422, -2.2832, 209.13734162931206, 0), 26.878000020980835)
((-0.3516, 0.2422, -2.2832, 195.43964553531939, 0), 26.935978889465332)
((-0.3516, 0.2577, -2.2832, 179.63428722504739, 0), 26.9958598613739)
((-0.3401, 0.2461, -2.2832, 161.88997650009932, 0), 27.06001901626587)
((-0.3324, 0.2538, -2.2832, 150.25511870305772, 0), 27.122905015945435)
((-0.3301, 0.2789, -2.2673, 150.12400730831038, 0), 27.184310913085938)
((-0.3262, 0.2904, -2.2673, 90.0, 0), 27.243499994277954)
((-0.3126, 0.3074, -2.2517, 149.75125767654168, 0), 27.31873083114624)
((-0.305, 0.3189, -2.2517, 58.045637062948714, 0), 27.388348817825317)
((-0.2992, 0.328, -2.2362, 59.881529703140671, 0), 27.442708015441895)
((-0.2858, 0.3251, -2.1911, 48.109591263414771, 0), 27.497668027877808)
((-0.2897, 0.3371, -2.221, 35.543562127941534, 0), 27.55082082748413)
((-0.2803, 0.346, -2.2059, 44.86149314769343, 0), 27.616729974746704)
((-0.2747, 0.3548, -2.1911, 37.725869960484104, 0), 27.67178988456726)
((-0.2747, 0.3585, -2.1911, 32.066853346855815, 0), 27.726778030395508)
((-0.2674, 0.3574, -2.162, 36.018430700688462, 0), 27.779367923736572)
((-0.2584, 0.3587, -2.1477, 29.179190038411587, 0), 27.839025020599365)
((-0.2639, 0.3671, -2.1336, 27.526446179118327, 0), 27.903358936309814)
((-0.2553, 0.3565, -2.0925, 19.188415890740934, 0), 27.967989921569824)
((-0.2588, 0.3601, -2.0925, 16.987784319224357, 0), 28.027403831481934)
((-0.2712, 0.3578, -2.0791, 15.314105414729578, 0), 28.08985996246338)
((-0.2661, 0.3545, -2.0401, 7.4279555862939972, 0), 28.15198302268982)
((-0.2695, 0.3476, -2.0401, 4.8951718448221238, 0), 28.220914840698242)
((-0.2763, 0.3433, -2.0148, 1.9723202715692834, 0), 28.28186297416687)
((-0.2815, 0.3488, -2.0274, 359.48002988939891, 0), 28.341593027114868)
((-0.2982, 0.3242, -2.0024, 354.01980147872558, 0), 28.40644097328186)
((-0.305, 0.3242, -2.0024, 344.68150472555226, 0), 28.483808994293213)
((-0.3319, 0.3446, -2.0024, 342.60619871927594, 0), 28.54018998146057)
((-0.3589, 0.3175, -2.0024, 319.62992617614537, 0), 28.601392030715942)
((0.0, 0.1, 0.0, 0.0, 1), 28.640893936157227)
((0.0, 0.1, 0.0, 0.0, 1), 28.687764883041382)
((-0.4111, 0.3145, -2.0274, 311.9903746890642, 0), 28.74884581565857)
((0.0, 0.1, 0.0, 0.0, 1), 28.78525996208191)
((0.0, 0.1, 0.0, 0.0, 1), 28.824657917022705)
((0.0, 0.1, 0.0, 0.0, 1), 28.870149850845337)
((0.0, 0.1, 0.0, 0.0, 1), 28.91010594367981)
((0.0, 0.1, 0.0, 0.0, 1), 28.944517850875854)
((-0.5226, 0.3289, -2.1197, 290.28177574971102, 0), 29.000845909118652)
((-0.544, 0.3238, -2.1336, 252.75924319434145, 0), 29.05966281890869)
((-0.5659, 0.3303, -2.1764, 251.19016593026254, 0), 29.122639894485474)
((-0.5887, 0.3371, -2.221, 240.83800000136958, 0), 29.1850848197937)
((-0.5965, 0.3507, -2.2362, 237.78052800028132, 0), 29.244426012039185)
((-0.6013, 0.3542, -2.2832, 231.91154869288556, 0), 29.30454182624817)
((-0.6177, 0.3397, -2.3157, 226.53850481271263, 0), 29.366209983825684)
((-0.606, 0.3632, -2.3157, 222.37184325214852, 0), 29.437474966049194)
((0.0, 0.1, 0.0, 0.0, 1), 29.47738003730774)
((0.0, 0.1, 0.0, 0.0, 1), 29.512650966644287)
((0.0, 0.1, 0.0, 0.0, 1), 29.54609489440918)
((0.0, 0.1, 0.0, 0.0, 1), 29.58669090270996)
((0.0, 0.1, 0.0, 0.0, 1), 29.627296924591064)
((0.0, 0.1, 0.0, 0.0, 1), 29.665586948394775)
((0.0, 0.1, 0.0, 0.0, 1), 29.71079993247986)
((0.0, 0.1, 0.0, 0.0, 1), 29.75665283203125)
((0.0, 0.1, 0.0, 0.0, 1), 29.798691034317017)
((0.0, 0.1, 0.0, 0.0, 1), 29.847337007522583)
((0.0, 0.1, 0.0, 0.0, 1), 29.88873600959778)
((0.0, 0.1, 0.0, 0.0, 1), 29.927979946136475)
((0.0, 0.1, 0.0, 0.0, 1), 29.963594913482666)
((0.0, 0.1, 0.0, 0.0, 1), 30.000358819961548)
((0.0, 0.1, 0.0, 0.0, 1), 30.03574299812317)
((0.0, 0.1, 0.0, 0.0, 1), 30.071884870529175)
((0.0, 0.1, 0.0, 0.0, 1), 30.110157012939453)
((0.0, 0.1, 0.0, 0.0, 1), 30.14664602279663)
((0.0, 0.1, 0.0, 0.0, 1), 30.186142921447754)
((0.0, 0.1, 0.0, 0.0, 1), 30.22303581237793)
((0.0, 0.1, 0.0, 0.0, 1), 30.25954294204712)
((0.0, 0.1, 0.0, 0.0, 1), 30.297158002853394)
((0.0, 0.1, 0.0, 0.0, 1), 30.337217807769775)
((0.0, 0.1, 0.0, 0.0, 1), 30.374152898788452)
((0.0, 0.1, 0.0, 0.0, 1), 30.413074016571045)
((0.0, 0.1, 0.0, 0.0, 1), 30.446350812911987)
((0.0, 0.1, 0.0, 0.0, 1), 30.486251831054688)
((0.0, 0.1, 0.0, 0.0, 1), 30.520773887634277)
((0.0, 0.1, 0.0, 0.0, 1), 30.558517932891846)
((0.0, 0.1, 0.0, 0.0, 1), 30.60684084892273)
((0.0, 0.1, 0.0, 0.0, 1), 30.65546202659607)
((0.0, 0.1, 0.0, 0.0, 1), 30.698813915252686)
((0.0, 0.1, 0.0, 0.0, 1), 30.734416007995605)
((0.0, 0.1, 0.0, 0.0, 1), 30.770648956298828)
((0.0, 0.1, 0.0, 0.0, 1), 30.805116891860962)
((0.0, 0.1, 0.0, 0.0, 1), 30.841290950775146)
((0.0, 0.1, 0.0, 0.0, 1), 30.87613081932068)
((0.0, 0.1, 0.0, 0.0, 1), 30.914839029312134)
((0.0, 0.1, 0.0, 0.0, 1), 30.952983856201172)
((0.0, 0.1, 0.0, 0.0, 1), 30.987648963928223)
((0.0, 0.1, 0.0, 0.0, 1), 31.025094032287598)
((0.0, 0.1, 0.0, 0.0, 1), 31.059900999069214)
((0.0, 0.1, 0.0, 0.0, 1), 31.097725868225098)
((0.0, 0.1, 0.0, 0.0, 1), 31.135682821273804)
((0.0, 0.1, 0.0, 0.0, 1), 31.173720836639404)
((0.0, 0.1, 0.0, 0.0, 1), 31.211140871047974)
((0.0, 0.1, 0.0, 0.0, 1), 31.246465921401978)
((0.0, 0.1, 0.0, 0.0, 1), 31.284092903137207)
((0.0, 0.1, 0.0, 0.0, 1), 31.319716930389404)
((0.0, 0.1, 0.0, 0.0, 1), 31.35764193534851)
((0.0, 0.1, 0.0, 0.0, 1), 31.395551919937134)
((0.0, 0.1, 0.0, 0.0, 1), 31.436736822128296)
((0.0, 0.1, 0.0, 0.0, 1), 31.470664978027344)
((0.0, 0.1, 0.0, 0.0, 1), 31.505645036697388)
((0.0, 0.1, 0.0, 0.0, 1), 31.54192280769348)
((0.0, 0.1, 0.0, 0.0, 1), 31.583704948425293)
((0.0, 0.1, 0.0, 0.0, 1), 31.62624502182007)
((0.0, 0.1, 0.0, 0.0, 1), 31.661680936813354)
((0.0, 0.1, 0.0, 0.0, 1), 31.69804096221924)
((0.0, 0.1, 0.0, 0.0, 1), 31.731848001480103)
((0.0, 0.1, 0.0, 0.0, 1), 31.768211841583252)
((0.0, 0.1, 0.0, 0.0, 1), 31.802220821380615)
((0.0, 0.1, 0.0, 0.0, 1), 31.83532691001892)
((0.0, 0.1, 0.0, 0.0, 1), 31.871145009994507)
((0.0, 0.1, 0.0, 0.0, 1), 31.908337831497192)
((0.0, 0.1, 0.0, 0.0, 1), 31.95209288597107)
((0.0, 0.1, 0.0, 0.0, 1), 31.989053964614868)
((0.0, 0.1, 0.0, 0.0, 1), 32.02464699745178)
((0.0, 0.1, 0.0, 0.0, 1), 32.06552982330322)
((0.0, 0.1, 0.0, 0.0, 1), 32.10610890388489)
((0.0, 0.1, 0.0, 0.0, 1), 32.14475202560425)
((0.0, 0.1, 0.0, 0.0, 1), 32.18626284599304)
((0.0, 0.1, 0.0, 0.0, 1), 32.223798990249634)
((0.0, 0.1, 0.0, 0.0, 1), 32.26147484779358)
((0.0, 0.1, 0.0, 0.0, 1), 32.300554037094116)
((0.0, 0.1, 0.0, 0.0, 1), 32.33880686759949)
((0.0, 0.1, 0.0, 0.0, 1), 32.378247022628784)
((0.0, 0.1, 0.0, 0.0, 1), 32.42045998573303)
((0.0, 0.1, 0.0, 0.0, 1), 32.46401000022888)
((0.0, 0.1, 0.0, 0.0, 1), 32.50422382354736)
((0.0, 0.1, 0.0, 0.0, 1), 32.546217918395996)
((0.0, 0.1, 0.0, 0.0, 1), 32.585508823394775)
((0.0, 0.1, 0.0, 0.0, 1), 32.61831784248352)
((0.0, 0.1, 0.0, 0.0, 1), 32.663228034973145)
((0.0, 0.1, 0.0, 0.0, 1), 32.704073905944824)
((0.0, 0.1, 0.0, 0.0, 1), 32.74297094345093)
((0.0, 0.1, 0.0, 0.0, 1), 32.7927930355072)
((0.0, 0.1, 0.0, 0.0, 1), 32.828006982803345)
((0.0, 0.1, 0.0, 0.0, 1), 32.86599087715149)
((0.0, 0.1, 0.0, 0.0, 1), 32.90048098564148)
((0.0, 0.1, 0.0, 0.0, 1), 32.940550804138184)
((0.0, 0.1, 0.0, 0.0, 1), 32.97510480880737)
((0.0, 0.1, 0.0, 0.0, 1), 33.01121783256531)
((0.0, 0.1, 0.0, 0.0, 1), 33.05039381980896)
((0.0, 0.1, 0.0, 0.0, 1), 33.0913519859314)
((0.0, 0.1, 0.0, 0.0, 1), 33.128811836242676)
((0.0, 0.1, 0.0, 0.0, 1), 33.17028188705444)
((0.0, 0.1, 0.0, 0.0, 1), 33.20768880844116)
((0.0, 0.1, 0.0, 0.0, 1), 33.248090982437134)
((0.0, 0.1, 0.0, 0.0, 1), 33.28593993186951)
((0.0, 0.1, 0.0, 0.0, 1), 33.32301902770996)
((0.0, 0.1, 0.0, 0.0, 1), 33.359338998794556)
((0.0, 0.1, 0.0, 0.0, 1), 33.400452852249146)
((0.0, 0.1, 0.0, 0.0, 1), 33.435067892074585)
((0.0, 0.1, 0.0, 0.0, 1), 33.47882795333862)
((0.0, 0.1, 0.0, 0.0, 1), 33.522281885147095)
((0.0, 0.1, 0.0, 0.0, 1), 33.5591778755188)
((0.0, 0.1, 0.0, 0.0, 1), 33.59950590133667)
((0.0, 0.1, 0.0, 0.0, 1), 33.64456081390381)
((0.0, 0.1, 0.0, 0.0, 1), 33.682403802871704)
((0.0, 0.1, 0.0, 0.0, 1), 33.718318939208984)
((0.0, 0.1, 0.0, 0.0, 1), 33.752537965774536)
((0.0, 0.1, 0.0, 0.0, 1), 33.81623387336731)
((0.0, 0.1, 0.0, 0.0, 1), 33.85351800918579)
((0.0, 0.1, 0.0, 0.0, 1), 33.89299392700195)
((0.0, 0.1, 0.0, 0.0, 1), 33.92902088165283)
((0.0, 0.1, 0.0, 0.0, 1), 33.96460580825806)
((0.0, 0.1, 0.0, 0.0, 1), 34.00147199630737)
((0.0, 0.1, 0.0, 0.0, 1), 34.03976893424988)
((0.0, 0.1, 0.0, 0.0, 1), 34.07807993888855)
((0.0, 0.1, 0.0, 0.0, 1), 34.11792802810669)
((0.0, 0.1, 0.0, 0.0, 1), 34.16034483909607)
((0.0, 0.1, 0.0, 0.0, 1), 34.19920086860657)
((0.0, 0.1, 0.0, 0.0, 1), 34.23724389076233)
((0.0, 0.1, 0.0, 0.0, 1), 34.27418303489685)
((0.0, 0.1, 0.0, 0.0, 1), 34.31524085998535)
((0.0, 0.1, 0.0, 0.0, 1), 34.35393691062927)
((0.0, 0.1, 0.0, 0.0, 1), 34.39379596710205)
((0.0, 0.1, 0.0, 0.0, 1), 34.448822021484375)
((0.0, 0.1, 0.0, 0.0, 1), 34.48721981048584)
((0.0, 0.1, 0.0, 0.0, 1), 34.5329270362854)
((0.0, 0.1, 0.0, 0.0, 1), 34.572948932647705)
((0.0, 0.1, 0.0, 0.0, 1), 34.62777400016785)
((0.0, 0.1, 0.0, 0.0, 1), 34.66694402694702)
((0.0, 0.1, 0.0, 0.0, 1), 34.71176195144653)
((0.0, 0.1, 0.0, 0.0, 1), 34.749276876449585)
((0.0, 0.1, 0.0, 0.0, 1), 34.787500858306885)
((0.0, 0.1, 0.0, 0.0, 1), 34.827054023742676)
((0.0, 0.1, 0.0, 0.0, 1), 34.881608963012695)
((0.0, 0.1, 0.0, 0.0, 1), 34.91987085342407)
((0.0, 0.1, 0.0, 0.0, 1), 34.96003985404968)
((0.0, 0.1, 0.0, 0.0, 1), 35.00878286361694)
((0.0, 0.1, 0.0, 0.0, 1), 35.04594397544861)
((0.0, 0.1, 0.0, 0.0, 1), 35.08111882209778)
((0.0, 0.1, 0.0, 0.0, 1), 35.11803984642029)
((0.0, 0.1, 0.0, 0.0, 1), 35.1549289226532)
((0.0, 0.1, 0.0, 0.0, 1), 35.192521810531616)
((0.0, 0.1, 0.0, 0.0, 1), 35.230724811553955)
((0.0, 0.1, 0.0, 0.0, 1), 35.266727924346924)
((0.0, 0.1, 0.0, 0.0, 1), 35.30342698097229)
((0.0, 0.1, 0.0, 0.0, 1), 35.33950185775757)
((0.0, 0.1, 0.0, 0.0, 1), 35.37625789642334)
((0.0, 0.1, 0.0, 0.0, 1), 35.424290895462036)
((0.0, 0.1, 0.0, 0.0, 1), 35.457926988601685)
((0.0, 0.1, 0.0, 0.0, 1), 35.49519896507263)
((0.0, 0.1, 0.0, 0.0, 1), 35.552897930145264)
((0.0, 0.1, 0.0, 0.0, 1), 35.58827185630798)
((0.0, 0.1, 0.0, 0.0, 1), 35.62700390815735)
((0.0, 0.1, 0.0, 0.0, 1), 35.67280697822571)
((0.0, 0.1, 0.0, 0.0, 1), 35.709468841552734)
((0.0, 0.1, 0.0, 0.0, 1), 35.74567103385925)
((0.0, 0.1, 0.0, 0.0, 1), 35.78136587142944)
((0.0, 0.1, 0.0, 0.0, 1), 35.8202109336853)
((0.0, 0.1, 0.0, 0.0, 1), 35.8590669631958)
((0.0, 0.1, 0.0, 0.0, 1), 35.895967960357666)
((0.0, 0.1, 0.0, 0.0, 1), 35.936837911605835)
((0.0, 0.1, 0.0, 0.0, 1), 35.97231101989746)
((0.0, 0.1, 0.0, 0.0, 1), 36.01143789291382)
((0.0, 0.1, 0.0, 0.0, 1), 36.04801392555237)
((0.0, 0.1, 0.0, 0.0, 1), 36.086551904678345)
((0.0, 0.1, 0.0, 0.0, 1), 36.12551283836365)
((0.0, 0.1, 0.0, 0.0, 1), 36.163825035095215)
((0.0, 0.1, 0.0, 0.0, 1), 36.20232796669006)
((0.0, 0.1, 0.0, 0.0, 1), 36.241166830062866)
((0.0, 0.1, 0.0, 0.0, 1), 36.28097891807556)
((0.0, 0.1, 0.0, 0.0, 1), 36.32830500602722)
((0.0, 0.1, 0.0, 0.0, 1), 36.365407943725586)
((0.0, 0.1, 0.0, 0.0, 1), 36.40369892120361)
((0.0, 0.1, 0.0, 0.0, 1), 36.43989396095276)
((0.0, 0.1, 0.0, 0.0, 1), 36.47736883163452)
((0.0, 0.1, 0.0, 0.0, 1), 36.51376986503601)
((0.0, 0.1, 0.0, 0.0, 1), 36.56198287010193)
((0.0, 0.1, 0.0, 0.0, 1), 36.59610891342163)
((0.0, 0.1, 0.0, 0.0, 1), 36.631316900253296)
((0.0, 0.1, 0.0, 0.0, 1), 36.68183493614197)
