('(0.0,0.1,0.0,0.0,1)', 12.787362098693848)
('(0.0,0.1,0.0,0.0,1)', 12.885421991348267)
('(0.0,0.1,0.0,0.0,1)', 12.98375415802002)
('(0.0,0.1,0.0,0.0,1)', 13.088819980621338)
('(0.0,0.1,0.0,0.0,1)', 13.186269998550415)
('(0.0,0.1,0.0,0.0,1)', 13.284502983093262)
('(0.0,0.1,0.0,0.0,1)', 13.380983114242554)
('(0.0,0.1,0.0,0.0,1)', 13.480651140213013)
('(0.0,0.1,0.0,0.0,1)', 13.582665205001831)
('(0.0,0.1,0.0,0.0,1)', 13.679192066192627)
('(0.0,0.1,0.0,0.0,1)', 13.792610168457031)
('(0.0,0.1,0.0,0.0,1)', 13.895443201065063)
('(0.0,0.1,0.0,0.0,1)', 14.009155988693237)
('(0.0,0.1,0.0,0.0,1)', 14.105905055999756)
('(0.0,0.1,0.0,0.0,1)', 14.215187072753906)
('(0.0,0.1,0.0,0.0,1)', 14.316924095153809)
('(0.0,0.1,0.0,0.0,1)', 14.420276165008545)
('(0.0,0.1,0.0,0.0,1)', 14.522181987762451)
('(0.0,0.1,0.0,0.0,1)', 14.615475177764893)
('(0.0,0.1,0.0,0.0,1)', 14.71236515045166)
('(0.0,0.1,0.0,0.0,1)', 14.807461977005005)
('(0.0,0.1,0.0,0.0,1)', 14.92168116569519)
('(0.0,0.1,0.0,0.0,1)', 15.029784202575684)
('(0.0,0.1,0.0,0.0,1)', 15.127259016036987)
('(0.0,0.1,0.0,0.0,1)', 15.236900091171265)
('(0.0,0.1,0.0,0.0,1)', 15.334550142288208)
('(0.0,0.1,0.0,0.0,1)', 15.436716079711914)
('(0.0,0.1,0.0,0.0,1)', 15.546771049499512)
('(0.0,0.1,0.0,0.0,1)', 15.64562201499939)
('(0.0,0.1,0.0,0.0,1)', 15.742557048797607)
('(0.0,0.1,0.0,0.0,1)', 15.846357107162476)
('(0.0,0.1,0.0,0.0,1)', 15.947813987731934)
('(0.0,0.1,0.0,0.0,1)', 16.049357175827026)
('(0.0,0.1,0.0,0.0,1)', 16.14126205444336)
('(0.0,0.1,0.0,0.0,1)', 16.24049401283264)
('(0.0,0.1,0.0,0.0,1)', 16.34029507637024)
('(0.0,0.1,0.0,0.0,1)', 16.447307109832764)
('(0.0,0.1,0.0,0.0,1)', 16.54541802406311)
('(0.0,0.1,0.0,0.0,1)', 16.65009903907776)
('(0.0,0.1,0.0,0.0,1)', 16.751955032348633)
('(0.0,0.1,0.0,0.0,1)', 16.850934982299805)
('(0.6434, 0.1023, -1.3533, 0, 0)', 16.962302207946777)
('(0.5946, 0.1249, -1.3257, 0, 0)', 17.031524181365967)
('(0.6004, 0.1246, -1.4243, 299.49136180317004, 0)', 17.160508155822754)
('(0.5675, 0.1385, -1.4693, 211.20051460398059, 0)', 17.28394913673401)
('(0.5527, 0.1366, -1.476, 213.19713880763885, 0)', 17.408522129058838)
('(0.5477, 0.1335, -1.4693, 216.47186022779121, 0)', 17.5307559967041)
('(0.5502, 0.1304, -1.4627, 198.08712441547755, 0)', 17.651602029800415)
('(0.5452, 0.136, -1.4693, 232.58617142136461, 0)', 17.786581993103027)
('(0.5452, 0.1416, -1.476, 270.0, 0)', 17.917728185653687)
('(0.5552, 0.1429, -1.4895, 270.0, 0)', 18.047609090805054)
('(0.5527, 0.1461, -1.4963, 159.63068669781268, 0)', 18.17672300338745)
('(0.5553, 0.1468, -1.5032, 175.74476203800086, 0)', 18.30712914466858)
('(0.5579, 0.1449, -1.5102, 163.4093585215617, 0)', 18.434620141983032)
('(0.5604, 0.1474, -1.5102, 159.62777121589798, 0)', 18.557708024978638)
('(0.5631, 0.1488, -1.5243, 165.89864771974322, 0)', 18.674386978149414)
('(0.5631, 0.1488, -1.5243, 159.62356478616348, 0)', 18.80261516571045)
('(0.5631, 0.1488, -1.5243, 159.71224731251942, 0)', 18.924152135849)
('(0.571, 0.1476, -1.5387, 159.75631185458559, 0)', 19.05704617500305)
('(0.5683, 0.1391, -1.5315, 159.59833102600837, 0)', 19.179258108139038)
('(0.5708, 0.1308, -1.5243, 144.16234704572216, 0)', 19.29176902770996)
('(0.5733, 0.1204, -1.5243, 90.0, 0)', 19.42290210723877)
('(0.5705, 0.101, -1.5032, 90.0, 0)', 19.556742191314697)
('(0.5653, 0.0929, -1.4963, 359.19307054489769, 0)', 19.67659902572632)
('(0.5603, 0.0904, -1.4963, 355.12860896847593, 0)', 19.798919200897217)
('(0.5603, 0.0904, -1.4963, 339.44395478041662, 0)', 19.917371034622192)
('(0.5678, 0.0878, -1.4963, 335.09523119190482, 0)', 20.03949999809265)
('(0.5678, 0.0878, -1.4963, 338.62937773065693, 0)', 20.15961003303528)
('(0.5655, 0.0912, -1.5102, 90.0, 0)', 20.280335187911987)
('(0.5707, 0.0993, -1.5172, 159.48914071703692, 0)', 20.40745210647583)
('(0.5733, 0.105, -1.5243, 153.54471071836772, 0)', 20.525012016296387)
('(0.5708, 0.1153, -1.5243, 168.88695946405159, 0)', 20.662440061569214)
('(0.5682, 0.1282, -1.5243, 173.88449643371459, 0)', 20.79345202445984)
('(0.5736, 0.1424, -1.5387, 169.15969454566928, 0)', 20.916160106658936)
('(0.5631, 0.1514, -1.5243, 172.31809538374847, 0)', 21.048882007598877)
('(0.5631, 0.1566, -1.5243, 270.0, 0)', 21.166515111923218)
('(0.558, 0.1617, -1.5243, 270.0, 0)', 21.2949640750885)
('(0.5657, 0.1625, -1.5315, 270.0, 0)', 21.41571307182312)
('(0.5657, 0.1547, -1.5315, 312.34580448659284, 0)', 21.542340993881226)
('(0.5684, 0.1528, -1.5387, 160.14478563067965, 0)', 21.67082118988037)
('(0.5711, 0.1562, -1.5461, 159.79358143704397, 0)', 21.803080081939697)
('(0.5658, 0.158, -1.5387, 148.99760842353737, 0)', 21.93994402885437)
('(0.5658, 0.1606, -1.5387, 179.20427644726081, 0)', 22.06087613105774)
('(0.5606, 0.1684, -1.5387, 179.20427644726081, 0)', 22.18562412261963)
('(0.5606, 0.1677, -1.5315, 270.0, 0)', 22.31721019744873)
('(0.5658, 0.1658, -1.5387, 324.27713933793444, 0)', 22.44362497329712)
('(0.5685, 0.1666, -1.5461, 0, 0)', 22.56766104698181)
('(0.5684, 0.1632, -1.5387, 159.95475057457892, 0)', 22.698575019836426)
('(0.5659, 0.1692, -1.5461, 90.0, 0)', 22.82100009918213)
('(0.5685, 0.1692, -1.5461, 160.04840930523679, 0)', 22.94655203819275)
('(0.5659, 0.1719, -1.5461, 159.95475057457892, 0)', 23.07535219192505)
('(0.5633, 0.1719, -1.5461, 270.0, 0)', 23.20696711540222)
('(0.5659, 0.1692, -1.5461, 214.57419147411491, 0)', 23.34033203125)
('(0.5685, 0.1666, -1.5461, 0, 0)', 23.456825017929077)
('(0.5685, 0.1666, -1.5461, 0, 0)', 23.579517126083374)
('(0.5685, 0.164, -1.5461, 90.0, 0)', 23.703108072280884)
('(0.5686, 0.1753, -1.5534, 90.0, 0)', 23.83296298980713)
('(0.5687, 0.1973, -1.5609, 159.70243022777072, 0)', 23.963020086288452)
('(0.5689, 0.2285, -1.576, 179.22577983507202, 0)', 24.10271406173706)
('(0.5691, 0.2604, -1.5914, 179.23354699898917, 0)', 24.227609157562256)
('(0.5637, 0.2752, -1.5837, 179.2411598757314, 0)', 24.34735608100891)
('(0.5691, 0.2846, -1.5914, 189.18612616015349, 0)', 24.479303121566772)
('(0.5636, 0.2818, -1.576, 179.24862301697559, 0)', 24.59508204460144)
('(0.5636, 0.2845, -1.576, 270.0, 0)', 24.720954179763794)
('(0.5609, 0.2858, -1.5684, 340.34617594194634, 0)', 24.85959815979004)
('(0.5582, 0.2911, -1.5684, 349.62925847171533, 0)', 24.98101305961609)
('(0.5609, 0.2964, -1.5684, 334.64311656808007, 0)', 25.100813150405884)
('(0.5712, 0.312, -1.5534, 340.44174846300245, 0)', 25.227217197418213)
('(0.5921, 0.333, -1.5534, 18.586926661485887, 0)', 25.35245704650879)
('(0.6026, 0.3461, -1.5534, 64.323184318161594, 0)', 25.471500158309937)
('(0.6104, 0.3619, -1.5534, 71.333085725779654, 0)', 25.605432987213135)
('(0.6183, 0.3698, -1.5534, 73.141601232261621, 0)', 25.73057508468628)
('(0.6183, 0.3803, -1.5534, 90.0, 0)', 25.844030141830444)
('(0.6186, 0.3927, -1.5609, 90.0, 0)', 25.966623067855835)
('(0.6186, 0.4033, -1.5609, 115.11483488614472, 0)', 26.08777117729187)
('(0.6212, 0.4059, -1.5609, 132.44710185282852, 0)', 26.21150302886963)
('(0.6209, 0.4066, -1.5534, 158.86017519134242, 0)', 26.340180158615112)
('(0.6212, 0.4085, -1.5609, 90.0, 0)', 26.478747129440308)
('(0.6269, 0.4026, -1.5684, 90.0, 0)', 26.606077194213867)
('(0.6265, 0.3953, -1.5609, 132.10142320071861, 0)', 26.72252917289734)
('(0.6216, 0.4026, -1.5684, 90.0, 0)', 26.837728023529053)
('(0.6239, 0.3953, -1.5609, 177.32813540672731, 0)', 26.963057041168213)
('(0.6239, 0.3927, -1.5609, 90.0, 0)', 27.083556175231934)
('(0.6239, 0.3927, -1.5609, 338.19859051364836, 0)', 27.205729007720947)
('(0.6239, 0.3874, -1.5609, 270.0, 0)', 27.337326049804688)
('(0.6242, 0.3919, -1.5684, 17.049030972109467, 0)', 27.45316219329834)
('(0.6216, 0.3919, -1.5684, 177.70938995736174, 0)', 27.579185009002686)
('(0.6246, 0.3912, -1.576, 197.04903097210945, 0)', 27.70056915283203)
('(0.6219, 0.3938, -1.576, 177.34580448659327, 0)', 27.814089059829712)
('(0.6216, 0.3893, -1.5684, 187.54492903875678, 0)', 27.923891067504883)
('(0.6242, 0.3866, -1.5684, 270.0, 0)', 28.033928155899048)
('(0.6246, 0.3885, -1.576, 90.0, 0)', 28.144816160202026)
('(0.6246, 0.3885, -1.576, 0, 0)', 28.258728981018066)
('(0.6246, 0.3858, -1.576, 90.0, 0)', 28.37106418609619)
('(0.6219, 0.3832, -1.576, 158.45902408146165, 0)', 28.509505033493042)
('(0.6219, 0.3832, -1.576, 196.83747262567607, 0)', 28.62825107574463)
('(0.6299, 0.3805, -1.576, 270.0, 0)', 28.74613618850708)
('(0.6273, 0.3805, -1.576, 90.0, 0)', 28.875869035720825)
('(0.6276, 0.3824, -1.5837, 90.0, 0)', 29.00594210624695)
('(0.625, 0.3824, -1.5837, 143.48894388050468, 0)', 29.12759804725647)
('(0.6276, 0.3797, -1.5837, 158.07041224982481, 0)', 29.255410194396973)
('(0.6276, 0.3797, -1.5837, 196.63095370672113, 0)', 29.374567985534668)
('(0.628, 0.3842, -1.5914, 177.76882539196816, 0)', 29.492900133132935)
('(0.628, 0.3815, -1.5914, 177.02626891752013, 0)', 29.608251094818115)
('(0.628, 0.3815, -1.5914, 158.71359488634042, 0)', 29.73110008239746)
('(0.6338, 0.3834, -1.5992, 177.02626891752013, 0)', 29.85494899749756)
('(0.6338, 0.3834, -1.5992, 158.19859051364804, 0)', 29.972923040390015)
('(0.6311, 0.3861, -1.5992, 143.36588612403256, 0)', 30.104178190231323)
('(0.6338, 0.3834, -1.5992, 158.32535088097598, 0)', 30.22645115852356)
('(0.6338, 0.3834, -1.5992, 143.36588612403256, 0)', 30.34841012954712)
('(0.6369, 0.3853, -1.6071, 0, 0)', 30.466663122177124)
('(0.6365, 0.3807, -1.5992, 158.5747062019127, 0)', 30.589328050613403)
('(0.6369, 0.3826, -1.6071, 90.0, 0)', 30.721211194992065)
('(0.6311, 0.378, -1.5992, 158.5747062019127, 0)', 30.847634077072144)
('(0.6315, 0.369, -1.6071, 270.0, 0)', 30.967684030532837)
('(0.6261, 0.3663, -1.6071, 270.0, 0)', 31.08978009223938)
('(0.6319, 0.3681, -1.6151, 232.77913719091418, 0)', 31.21623206138611)
('(0.6347, 0.3735, -1.6151, 212.00538320808349, 0)', 31.33096218109131)
('(0.6315, 0.3771, -1.6071, 167.24246783912318, 0)', 31.45091199874878)
('(0.6342, 0.3771, -1.6071, 0, 0)', 31.57585906982422)
('(0.6315, 0.3771, -1.6071, 90.0, 0)', 31.70239806175232)
('(0.6342, 0.3771, -1.6071, 357.13759477388777, 0)', 31.819890022277832)
('(0.6311, 0.3753, -1.5992, 356.42366562500223, 0)', 31.944360971450806)
('(0.628, 0.3761, -1.5914, 357.10142320071861, 0)', 32.066734075546265)
('(0.6311, 0.378, -1.5992, 338.45071552880631, 0)', 32.191421031951904)
('(0.6311, 0.378, -1.5992, 357.10142320071861, 0)', 32.311952114105225)
('(0.6284, 0.378, -1.5992, 338.5747062019127, 0)', 32.428322076797485)
('(0.6284, 0.378, -1.5992, 270.0, 0)', 32.55135202407837)
('(0.6342, 0.3771, -1.6071, 177.06432655357918, 0)', 32.67297601699829)
('(0.6315, 0.3744, -1.6071, 158.5747062019127, 0)', 32.796616077423096)
('(0.6315, 0.3744, -1.6071, 177.10142320071861, 0)', 32.930474042892456)
('(0.6342, 0.369, -1.6071, 158.5747062019127, 0)', 33.051007986068726)
('(0.6342, 0.3663, -1.6071, 143.71473287486108, 0)', 33.181753158569336)
('(0.6315, 0.3663, -1.6071, 0, 0)', 33.30435514450073)
('(0.6288, 0.369, -1.6071, 0, 0)', 33.42699217796326)
('(0.6261, 0.369, -1.6071, 270.0, 0)', 33.55022120475769)
('(0.6342, 0.3663, -1.6071, 270.0, 0)', 33.67263412475586)
('(0.6315, 0.3744, -1.6071, 0, 0)', 33.79982614517212)
('(0.6342, 0.3744, -1.6071, 0, 0)', 33.91996502876282)
('(0.6311, 0.3726, -1.5992, 90.0, 0)', 34.03722620010376)
('(0.6288, 0.3744, -1.6071, 32.330185735050314, 0)', 34.16348218917847)
('(0.6284, 0.3699, -1.5992, 270.0, 0)', 34.287222146987915)
('(0.6284, 0.3726, -1.5992, 338.5747062019127, 0)', 34.409770011901855)
('(0.6284, 0.3942, -1.5992, 323.71473287486106, 0)', 34.53341507911682)
('(0.6311, 0.4186, -1.5992, 270.0, 0)', 34.65031099319458)
('(0.6303, 0.4359, -1.5837, 16.232350661155962, 0)', 34.777178049087524)
('(0.6383, 0.4547, -1.5837, 6.9884897299835886, 0)', 34.90272402763367)
('(0.6379, 0.4578, -1.576, 32.566764811904669, 0)', 35.026719093322754)
('(0.6379, 0.4525, -1.576, 22.268253654648984, 0)', 35.145750999450684)
('(0.6405, 0.4338, -1.576, 16.336042889718609, 0)', 35.26682806015015)
('(0.6326, 0.4072, -1.576, 52.950773426392821, 0)', 35.38742113113403)
('(0.6356, 0.377, -1.5837, 323.48894388050519, 0)', 35.50747609138489)
('(0.6227, 0.3465, -1.5914, 196.63095370672113, 0)', 35.62407302856445)
('(0.6042, 0.3293, -1.5992, 224.62552311327741, 0)', 35.7476441860199)
('(0.5771, 0.3061, -1.5914, 237.41660319269252, 0)', 35.87783217430115)
('(0.5749, 0.2943, -1.6151, 254.4918636625475, 0)', 36.00875902175903)
('(0.5779, 0.289, -1.6313, 242.64755639940074, 0)', 36.12956619262695)
('(0.5753, 0.2849, -1.6395, 228.31094151461147, 0)', 36.26549816131592)
('(0.5751, 0.2752, -1.6313, 215.64512404110465, 0)', 36.37927007675171)
('(0.5667, 0.2642, -1.6151, 182.86956719851358, 0)', 36.50291705131531)
('(0.5693, 0.2385, -1.6071, 270.0, 0)', 36.63280200958252)
('(0.577, 0.176, -1.5837, 340.43621638041748, 0)', 36.76107597351074)
('(0.5978, 0.1107, -1.5684, 1.7450305797601346, 0)', 36.883989095687866)
('(0.5974, 0.0781, -1.5534, 19.844021601439838, 0)', 37.01106810569763)
('(0.5373, 0.1034, -1.5387, 26.453508593437686, 0)', 37.12762904167175)
('(0.4, 0.1898, -1.4627, 334.92810259046456, 0)', 37.24153518676758)
('(0.3809, 0.1816, -1.4369, 304.35712925529646, 0)', 37.36687207221985)
('(0.3291, 0.2095, -1.412, 301.22718354722662, 0)', 37.48847007751465)
('(0.265, 0.2574, -1.3998, 297.79021662809328, 0)', 37.60840201377869)
('(0.1997, 0.2999, -1.3879, 297.02608992757615, 0)', 37.74231219291687)
('(0.164, 0.3173, -1.382, 290.4776352352601, 0)', 37.86967206001282)
('(0.0756, 0.3711, -1.382, 284.20393795351407, 0)', 38.000065088272095)
('(0.0572, 0.3633, -1.3879, 276.74917478956968, 0)', 38.12290000915527)
('(0.0036, 0.4035, -1.4306, 273.27755488422133, 0)', 38.24510598182678)
('(-0.0535, 0.4269, -1.412, 257.71581959872697, 0)', 38.37369704246521)
('(-0.0826, 0.4489, -1.5102, 262.14668669802171, 0)', 38.50947403907776)
('(-0.1782, 0.5093, -1.5461, 230.97984568252267, 0)', 38.63199710845947)
('(-0.1995, 0.5242, -1.5914, 236.09702130641813, 0)', 38.75450897216797)
('(-0.1924, 0.5187, -1.5992, 231.63034694793637, 0)', 38.87234902381897)
('(-0.1779, 0.5258, -1.6646, 216.57494128357357, 0)', 38.995469093322754)
('(-0.1567, 0.5223, -1.7083, 211.68404552256385, 0)', 39.123136043548584)
('(-0.13, 0.5159, -1.7356, 172.44932349720298, 0)', 39.240432024002075)
('(-0.0905, 0.5034, -1.7638, 154.26735198429083, 0)', 39.36123514175415)
('(-0.0585, 0.4878, -1.7831, 148.23932158461804, 0)', 39.48750114440918)
('(-0.0225, 0.4758, -1.7831, 134.78324524774646, 0)', 39.612789154052734)
('(0.0164, 0.4492, -1.7734, 119.13429219722616, 0)', 39.72917318344116)
('(0.0426, 0.442, -1.7449, 104.47739570879416, 0)', 39.85075402259827)
('(0.0745, 0.4308, -1.7356, 81.918116258077561, 0)', 39.96614217758179)
('(0.1, 0.4068, -1.6732, 70.346175941946754, 0)', 40.09008312225342)
('(0.1079, 0.3963, -1.6646, 48.103359321743405, 0)', 40.20668005943298)
('(0.1128, 0.379, -1.6151, 40.063588710053253, 0)', 40.32421398162842)
('(0.1026, 0.3663, -1.5837, 28.40594342002283, 0)', 40.455302000045776)
('(0.082, 0.3524, -1.5461, 10.480671075449385, 0)', 40.57649517059326)
('(0.0445, 0.3365, -1.5102, 351.93933173927974, 0)', 40.697203159332275)
('(0.0163, 0.3269, -1.4895, 337.67587983553852, 0)', 40.82522201538086)
('(-0.031, 0.3139, -1.476, 322.46449121842721, 0)', 40.9540159702301)
('(-0.0698, 0.2949, -1.4562, 308.87359748396727, 0)', 41.07445311546326)
('(-0.11, 0.2827, -1.4693, 300.63514625447618, 0)', 41.209717988967896)
('(-0.148, 0.2816, -1.5032, 284.8274992687048, 0)', 41.335156202316284)
('(-0.1826, 0.2804, -1.5387, 265.23347230819269, 0)', 41.45643711090088)
('(-0.1966, 0.2672, -1.5684, 247.5305807911032, 0)', 41.583966970443726)
('(-0.2076, 0.2658, -1.5914, 228.49573285223545, 0)', 41.70599699020386)
('(-0.2128, 0.2614, -1.6313, 218.63691055143741, 0)', 41.83148908615112)
('(-0.2143, 0.2554, -1.6646, 206.83278651578021, 0)', 41.94810104370117)
('(-0.1977, 0.2508, -1.6905, 194.13257478302688, 0)', 42.0712251663208)
('(-0.1748, 0.2461, -1.7173, 180.51616422976483, 0)', 42.19084119796753)
('(-0.1517, 0.2403, -1.7173, 165.3976533444374, 0)', 42.31112313270569)
('(-0.1199, 0.2345, -1.7173, 144.60753434105447, 0)', 42.43491315841675)
('(-0.0853, 0.2229, -1.7173, 119.17299427545913, 0)', 42.56377601623535)
('(-0.0643, 0.2205, -1.6994, 103.41087356438256, 0)', 42.698755979537964)
('(-0.0357, 0.2148, -1.6994, 80.798532086721409, 0)', 42.81587815284729)
('(-0.0154, 0.2104, -1.6646, 81.227858308172515, 0)', 42.94576406478882)
('(-0.0014, 0.2172, -1.6313, 63.237906414551119, 0)', 43.07189917564392)
('(0.0067, 0.2146, -1.5914, 44.291848085981883, 0)', 43.20802116394043)
('(0.0039, 0.2137, -1.5461, 33.321215671939548, 0)', 43.34241700172424)
('(-0.0013, 0.2084, -1.4895, 14.483857638787033, 0)', 43.474791049957275)
('(-0.0108, 0.2099, -1.4306, 4.6038325749945832, 0)', 43.61197519302368)
('(-0.0197, 0.2112, -1.3762, 357.31845026504294, 0)', 43.732078075408936)
('(-0.0257, 0.2079, -1.3257, 353.00609504584543, 0)', 43.84789705276489)
('(-0.0269, 0.2049, -1.2789, 352.35087355783804, 0)', 43.97032904624939)
('(-0.0303, 0.2134, -1.2399, 353.06927402026196, 0)', 44.088420152664185)
('(-0.0276, 0.2135, -1.2168, 354.16152134847465, 0)', 44.208022117614746)
('(-0.011, 0.21, -1.1857, 357.16269383399253, 0)', 44.3259961605072)
('(0.001, 0.2122, -1.1645, 5.9940929491084658, 0)', 44.44784116744995)
('(0.0262, 0.208, -1.1522, 13.705808032302443, 0)', 44.56224012374878)
('(0.0414, 0.2104, -1.1441, 32.791324178027068, 0)', 44.687090158462524)
('(0.075, 0.2075, -1.1282, 43.504260946417475, 0)', 44.81183218955994)
('(0.1081, 0.2072, -1.1166, 56.233128526037724, 0)', 44.929248094558716)
('(0.1293, 0.2014, -1.1052, 65.903631040014574, 0)', 45.058791160583496)
('(0.1543, 0.1982, -1.0978, 65.493271401102874, 0)', 45.19264817237854)
('(0.1783, 0.1963, -1.0978, 67.70159195619523, 0)', 45.3223831653595)
('(0.1929, 0.187, -1.076, 73.601451367808792, 0)', 45.44435501098633)
('(0.2204, 0.1801, -1.1243, 64.416131709198723, 0)', 45.56330704689026)
('(0.2419, 0.1763, -1.1361, 101.84110442399391, 0)', 45.680920124053955)
('(0.2802, 0.1554, -1.1522, 113.61565172516671, 0)', 45.80303716659546)
('(0.2901, 0.1536, -1.1687, 118.09582890309562, 0)', 45.94271397590637)
('(0.2913, 0.1493, -1.1814, 133.64253415546938, 0)', 46.06201219558716)
('(0.2998, 0.1486, -1.2077, 128.84656686711668, 0)', 46.19120907783508)
('(0.3036, 0.1462, -1.2399, 141.03894466346659, 0)', 46.31993913650513)
('(0.3045, 0.153, -1.2789, 165.06045057019429, 0)', 46.45164608955383)
('(0.3041, 0.1627, -1.3045, 172.55525605742281, 0)', 46.57453417778015)
('(0.3003, 0.1689, -1.3366, 174.06368900816685, 0)', 46.71037411689758)
('(0.2721, 0.1771, -1.3646, 179.77775216388841, 0)', 46.84509015083313)
('(0.2523, 0.1887, -1.382, 194.17670050009863, 0)', 46.96522808074951)
('(0.2291, 0.191, -1.382, 206.85330150587725, 0)', 47.09538197517395)
('(0.2012, 0.2004, -1.382, 224.06080905426447, 0)', 47.22076606750488)
('(0.1709, 0.2121, -1.382, 245.38639000203167, 0)', 47.35123109817505)
('(0.1412, 0.2233, -1.3646, 260.24413810207955, 0)', 47.473703145980835)
('(0.1073, 0.2355, -1.3421, 278.90110956790636, 0)', 47.59717416763306)
('(0.0792, 0.2416, -1.3257, 288.1380821555972, 0)', 47.72437620162964)
('(0.0387, 0.2574, -1.315, 294.77216230812587, 0)', 47.84679317474365)
('(-0.0118, 0.259, -1.2789, 296.87625029887704, 0)', 47.97461009025574)
('(-0.0623, 0.2689, -1.2542, 299.25452763603397, 0)', 48.09182620048523)
('(-0.1121, 0.2668, -1.2447, 297.3967273265734, 0)', 48.21627616882324)
('(-0.1694, 0.2627, -1.2352, 292.94870847579136, 0)', 48.33020901679993)
('(-0.2089, 0.2648, -1.2352, 290.98029462963245, 0)', 48.46349120140076)
('(-0.2669, 0.2666, -1.2739, 282.50110331032113, 0)', 48.59679198265076)
('(-0.3166, 0.2808, -1.3204, 264.50020511953846, 0)', 48.71789813041687)
('(-0.352, 0.282, -1.3366, 249.68690145285981, 0)', 48.85140419006348)
('(-0.3693, 0.2752, -1.3589, 240.956053597882, 0)', 48.97537612915039)
('(-0.3845, 0.2776, -1.4059, 232.36069802693621, 0)', 49.10488319396973)
('(-0.3923, 0.2728, -1.4433, 221.69813432556501, 0)', 49.23586106300354)
('(-0.3838, 0.2665, -1.476, 211.6309063213607, 0)', 49.3683340549469)
('(-0.3581, 0.2551, -1.4827, 192.85044654593506, 0)', 49.49944710731506)
('(-0.3425, 0.2546, -1.5243, 174.83060930458819, 0)', 49.619734048843384)
('(-0.3028, 0.2454, -1.5315, 160.46889106703418, 0)', 49.74209904670715)
('(-0.2836, 0.2439, -1.5387, 134.58084870782795, 0)', 49.86655306816101)
('(-0.2473, 0.2257, -1.5387, 122.03621224977505, 0)', 49.99143099784851)
('(-0.2107, 0.2149, -1.5172, 116.81272591469259, 0)', 50.10626816749573)
('(-0.1834, 0.2129, -1.5032, 86.91648545154753, 0)', 50.23130416870117)
('(-0.1528, 0.2065, -1.476, 76.665903299935522, 0)', 50.35371518135071)
('(-0.127, 0.1889, -1.4369, 64.38890694569416, 0)', 50.47303605079651)
('(-0.11, 0.1824, -1.4059, 49.76150673601866, 0)', 50.59716820716858)
('(-0.0903, 0.1764, -1.3589, 42.137594773888203, 0)', 50.71790814399719)
('(-0.0716, 0.1589, -1.3097, 32.829446180778575, 0)', 50.8394410610199)
('(-0.0675, 0.1632, -1.2739, 26.025063443466856, 0)', 50.9629590511322)
('(-0.0611, 0.1618, -1.2305, 20.053633048950161, 0)', 51.08938002586365)
('(-0.0549, 0.1539, -1.1857, 15.578009471152079, 0)', 51.20625615119934)
('(-0.0482, 0.1536, -1.1687, 11.551470828113008, 0)', 51.32851600646973)
('(-0.0381, 0.1486, -1.1604, 9.42278061353508, 0)', 51.45627307891846)
('(-0.0259, 0.146, -1.1401, 14.522191054289744, 0)', 51.57508707046509)
('(-0.0184, 0.147, -1.1481, 21.274969971706714, 0)', 51.70907402038574)
('(-0.0088, 0.1364, -1.1563, 44.149517834261161, 0)', 51.825496196746826)
('(0.0069, 0.124, -1.1687, 72.530126169623031, 0)', 51.94636797904968)
('(0.017, 0.1238, -1.1857, 100.45043746378953, 0)', 52.065248012542725)
('(0.0225, 0.1176, -1.1645, 136.74746480623315, 0)', 52.19005107879639)
('(0.0294, 0.1093, -1.2033, 111.84969921744909, 0)', 52.31931710243225)
('(0.0401, 0.1234, -1.2213, 140.89696351021078, 0)', 52.44341802597046)
('(0.0369, 0.1224, -1.2542, 147.7407516728166, 0)', 52.556071043014526)
('(0.0355, 0.1292, -1.2789, 163.80084051115915, 0)', 52.68440818786621)
('(0.0295, 0.1378, -1.2993, 173.51692630710275, 0)', 52.817119121551514)
('(0.021, 0.1484, -1.315, 179.9403169179273, 0)', 52.94538712501526)
('(-0.0011, 0.1529, -1.315, 191.52144177395232, 0)', 53.07186412811279)
('(-0.0189, 0.1669, -1.3204, 212.00538320808352, 0)', 53.19590711593628)
('(-0.0454, 0.1796, -1.315, 232.66116169230315, 0)', 53.3156361579895)
('(-0.0782, 0.1943, -1.3097, 258.16146948871358, 0)', 53.44671416282654)
('(-0.1231, 0.2008, -1.2941, 273.0582579296775, 0)', 53.56639313697815)
('(-0.1551, 0.2065, -1.289, 279.72106085343711, 0)', 53.69903612136841)
('(-0.2028, 0.2153, -1.289, 282.98232683510946, 0)', 53.826225996017456)
('(-0.2452, 0.2101, -1.2839, 279.37966141282152, 0)', 53.95523500442505)
('(-0.2946, 0.2223, -1.3312, 278.78225246354043, 0)', 54.080106019973755)
('(-0.3428, 0.2374, -1.3533, 257.79349314644151, 0)', 54.19824719429016)
('(-0.364, 0.2394, -1.3646, 251.0901846938429, 0)', 54.32391810417175)
('(-0.3868, 0.2348, -1.4059, 244.8742384508044, 0)', 54.45495319366455)
('(-0.4002, 0.2375, -1.4369, 229.25240725728409, 0)', 54.58613610267639)
('(-0.3987, 0.239, -1.476, 224.97288415748437, 0)', 54.70780611038208)
('(-0.3909, 0.2332, -1.5032, 204.49319003181247, 0)', 54.82580304145813)
('(-0.3673, 0.2298, -1.5315, 190.98362304743327, 0)', 54.949278116226196)
('(-0.3333, 0.22, -1.5534, 171.17501239366027, 0)', 55.07247710227966)
('(-0.3075, 0.2195, -1.5684, 150.1334493329189, 0)', 55.19772505760193)
('(-0.2678, 0.2136, -1.5837, 135.37447688672285, 0)', 55.327638149261475)
('(-0.2268, 0.1965, -1.576, 123.18227361116209, 0)', 55.4455361366272)
('(-0.2019, 0.1929, -1.5684, 107.57434733308807, 0)', 55.56425714492798)
('(-0.1652, 0.1928, -1.5461, 96.512423029287902, 0)', 55.68833899497986)
('(-0.1328, 0.1849, -1.5032, 81.093549091778868, 0)', 55.81000018119812)
('(-0.1175, 0.1832, -1.4693, 59.1925327134431, 0)', 55.93087100982666)
('(-0.0986, 0.1856, -1.412, 45.689638114069645, 0)', 56.054723024368286)
('(-0.0854, 0.1848, -1.3533, 33.444200789229392, 0)', 56.17949819564819)
('(-0.0827, 0.1855, -1.3097, 22.484683827168411, 0)', 56.29755997657776)
('(-0.0806, 0.1805, -1.2447, 14.515956659041318, 0)', 56.412492990493774)
('(-0.0788, 0.1826, -1.2168, 9.3298944955255827, 0)', 56.5323851108551)
('(-0.0743, 0.1846, -1.1772, 5.7919543682554249, 0)', 56.64947199821472)
('(-0.0753, 0.1833, -1.1321, 3.6067171166150422, 0)', 56.78169798851013)
('(-0.0708, 0.1827, -1.1522, 2.38594403038881, 0)', 56.912163972854614)
('(-0.0615, 0.1801, -1.1243, 6.0476953531197459, 0)', 57.028112173080444)
('(-0.0638, 0.1795, -1.1321, 10.593474035298888, 0)', 57.141008138656616)
('(-0.0488, 0.1667, -1.1361, 13.105906608927075, 0)', 57.25987005233765)
('(-0.0341, 0.152, -1.1563, 98.583621480113962, 0)', 57.393171072006226)
('(-0.0326, 0.1582, -1.1729, 96.374459552537857, 0)', 57.51658916473389)
('(-0.0245, 0.157, -1.1645, 149.26215832193031, 0)', 57.63544797897339)
('(-0.0231, 0.155, -1.1944, 129.50310749426444, 0)', 57.75175213813782)
('(-0.0154, 0.1579, -1.2168, 156.21099572405208, 0)', 57.87151312828064)
('(-0.0177, 0.163, -1.2399, 162.82409638425327, 0)', 57.993303060531616)
('(-0.0137, 0.167, -1.2542, 167.46213796419929, 0)', 58.11472797393799)
('(-0.0203, 0.1733, -1.2689, 173.13455912995491, 0)', 58.2383930683136)
('(-0.0291, 0.1833, -1.2789, 177.84761464379963, 0)', 58.35733199119568)
('(-0.0439, 0.1912, -1.2739, 192.44085587381358, 0)', 58.48845410346985)
('(-0.0654, 0.1998, -1.2739, 217.61742364727107, 0)', 58.62861704826355)
('(-0.0947, 0.2089, -1.264, 249.14093359724382, 0)', 58.751842975616455)
('(-0.1155, 0.2188, -1.2591, 273.76807056050995, 0)', 58.8633131980896)
('(-0.1557, 0.2294, -1.2591, 282.90740867126567, 0)', 58.98338603973389)
('(-0.1819, 0.234, -1.2494, 277.54092649272036, 0)', 59.10705018043518)
('(-0.2172, 0.2355, -1.2352, 281.87626440375959, 0)', 59.22105598449707)
('(-0.2545, 0.2352, -1.2447, 283.23009159851421, 0)', 59.34437608718872)
('(-0.2786, 0.2448, -1.2399, 275.91457895861362, 0)', 59.45620012283325)
('(-0.3175, 0.2547, -1.2789, 278.87923699554858, 0)', 59.577731132507324)
('(-0.3417, 0.2611, -1.289, 257.72645552553422, 0)', 59.705698013305664)
('(-0.3449, 0.2527, -1.2689, 246.62945055209349, 0)', 59.8306679725647)
('(-0.3626, 0.2595, -1.3257, 255.01336939503943, 0)', 59.952064990997314)
('(-0.3618, 0.2561, -1.3312, 224.39264699519043, 0)', 60.068257093429565)
('(-0.3648, 0.2591, -1.3589, 220.26581124337235, 0)', 60.202208042144775)
('(-0.3525, 0.2487, -1.3646, 198.28727961506189, 0)', 60.332032203674316)
('(-0.3132, 0.2351, -1.3533, 184.54060561331778, 0)', 60.46660113334656)
('(-0.2927, 0.2283, -1.3533, 119.19228679203931, 0)', 60.58293008804321)
('(-0.2767, 0.2219, -1.3421, 107.73564535098683, 0)', 60.71055603027344)
('(-0.2534, 0.2063, -1.315, 79.203748702367719, 0)', 60.826009035110474)
('(-0.2351, 0.206, -1.2993, 63.411827040677089, 0)', 60.939576148986816)
('(-0.2053, 0.1982, -1.264, 55.339194164352854, 0)', 61.06844615936279)
('(-0.1798, 0.1874, -1.2213, 44.383940091600799, 0)', 61.1972451210022)
('(-0.1666, 0.1779, -1.1857, 38.73492369448293, 0)', 61.32033920288086)
('(-0.1463, 0.1609, -1.1361, 33.873739921074133, 0)', 61.443931102752686)
('(-0.1297, 0.1533, -1.109, 28.55139187296022, 0)', 61.57063102722168)
('(-0.1139, 0.1406, -1.0832, 26.000432623234527, 0)', 61.70257306098938)
('(0.0,0.1,0.0,0.0,1)', 61.80205202102661)
('(-0.0846, 0.123, -1.0585, 25.510030382266116, 0)', 61.92730712890625)
('(-0.0793, 0.1123, -1.0585, 32.808017440838547, 0)', 62.01350402832031)
('(-0.0659, 0.1083, -1.0725, 40.807393682388565, 0)', 62.13723397254944)
('(-0.0445, 0.089, -1.0796, 60.22611307972749, 0)', 62.26187610626221)
('(-0.0359, 0.0827, -1.0941, 87.030546158340073, 0)', 62.39582920074463)
('(-0.0336, 0.0707, -1.0796, 126.16703375326317, 0)', 62.51875615119934)
('(-0.0368, 0.0715, -1.1205, 114.78309058675126, 0)', 62.634297132492065)
('(-0.0333, 0.0837, -1.1321, 148.77366153217071, 0)', 62.75849103927612)
('(-0.0357, 0.0849, -1.1481, 167.95742485711506, 0)', 62.88550305366516)
('(-0.0487, 0.0894, -1.1814, 179.78779437951187, 0)', 63.01410412788391)
('(-0.0638, 0.0991, -1.2033, 188.43716762933187, 0)', 63.13222813606262)
('(-0.0829, 0.1085, -1.2168, 198.06047193619918, 0)', 63.246114015579224)
('(-0.1087, 0.116, -1.2305, 210.35307853043221, 0)', 63.373279094696045)
('(-0.1382, 0.1269, -1.2352, 221.53844986825445, 0)', 63.50896215438843)
('(-0.1784, 0.1378, -1.2399, 238.98919488307257, 0)', 63.637511014938354)
('(-0.2152, 0.1498, -1.2352, 252.28798794551554, 0)', 63.76648712158203)
('(-0.2577, 0.1567, -1.2399, 262.08221560284795, 0)', 63.88094997406006)
('(-0.2796, 0.1666, -1.2352, 266.39015092534117, 0)', 63.99205017089844)
('(-0.3128, 0.1775, -1.2689, 270.0, 0)', 64.11777806282043)
('(-0.3419, 0.1998, -1.2739, 257.82374943804768, 0)', 64.25956606864929)
('(-0.3742, 0.2174, -1.289, 253.01492133687358, 0)', 64.3950400352478)
('(0.0,0.1,0.0,0.0,1)', 64.49454307556152)
('(-0.3872, 0.2349, -1.289, 247.14656060951597, 0)', 64.61831402778625)
('(-0.3947, 0.2434, -1.2993, 243.43494882292205, 0)', 64.67475819587708)
('(-0.3969, 0.2543, -1.2993, 249.63586114850335, 0)', 64.79805397987366)
('(-0.3773, 0.253, -1.315, 245.2116485069123, 0)', 64.91894197463989)
('(-0.37, 0.2585, -1.3204, 186.79932144195857, 0)', 65.05158114433289)
('(-0.3397, 0.2574, -1.315, 151.28736339462358, 0)', 65.17639803886414)
('(-0.3125, 0.2511, -1.2941, 105.93163610783657, 0)', 65.3054301738739)
('(-0.2819, 0.2472, -1.2739, 86.474384802825611, 0)', 65.43021011352539)
('(-0.2607, 0.2413, -1.2542, 66.692771430131756, 0)', 65.56306600570679)
('(-0.2128, 0.2266, -1.1988, 58.797864872223592, 0)', 65.69373917579651)
('(-0.1911, 0.2181, -1.1645, 47.520236128373284, 0)', 65.82004499435425)
('(-0.1644, 0.2016, -1.1166, 43.128851182661649, 0)', 65.94657611846924)
('(-0.1381, 0.1845, -1.0725, 36.759006492590977, 0)', 66.07365417480469)
('(-0.1162, 0.1664, -1.0383, 34.009058826877734, 0)', 66.19674611091614)
('(-0.1148, 0.1598, -1.0416, 31.042437860687549, 0)', 66.32243800163269)
('(-0.0958, 0.1417, -1.0252, 31.833248680907754, 0)', 66.45445013046265)
('(-0.0829, 0.1198, -1.0156, 36.889952170580862, 0)', 66.58634805679321)
('(-0.0658, 0.0957, -1.0156, 44.13117431435176, 0)', 66.71507406234741)
('(-0.046, 0.0623, -1.0317, 65.753349863953375, 0)', 66.83882999420166)
('(-0.0486, 0.0492, -1.0125, 81.811611013343281, 0)', 66.96029806137085)
('(-0.0477, 0.0466, -1.0317, 74.940218744097535, 0)', 67.0915219783783)
('(-0.0585, 0.0338, -1.069, 114.57871048119578, 0)', 67.22696304321289)
('(-0.0677, 0.0274, -1.1015, 172.21568272315423, 0)', 67.35916113853455)
('(-0.0807, 0.0204, -1.1282, 197.26985559281439, 0)', 67.47862505912781)
('(-0.0986, 0.019, -1.1604, 195.50623081113739, 0)', 67.60583209991455)
('(-0.1199, 0.0193, -1.1772, 201.57846983515427, 0)', 67.73882699012756)
('(-0.1422, 0.0214, -1.1814, 209.57350858910561, 0)', 67.87228012084961)
('(-0.1759, 0.0257, -1.1944, 222.996948499756, 0)', 68.00011897087097)
('(-0.2048, 0.0359, -1.1988, 235.18609243234303, 0)', 68.12421202659607)
('(-0.2221, 0.0378, -1.1944, 250.12092564614213, 0)', 68.25904107093811)
('(-0.2451, 0.044, -1.1988, 260.44678989309318, 0)', 68.37844514846802)
('(-0.2796, 0.0752, -1.2447, 260.40229104132237, 0)', 68.51020312309265)
('(-0.2839, 0.0758, -1.2542, 244.12415468114918, 0)', 68.62671113014221)
('(-0.2817, 0.0997, -1.2352, 234.99339824945389, 0)', 68.74694514274597)
('(-0.2829, 0.1208, -1.2591, 235.60587231286226, 0)', 68.86054015159607)
('(-0.2808, 0.1368, -1.2689, 212.082187156066, 0)', 68.98841619491577)
('(-0.2659, 0.1604, -1.2689, 182.83878784100534, 0)', 69.12432098388672)
('(-0.2332, 0.1695, -1.289, 129.23736711340149, 0)', 69.23513698577881)
('(-0.2015, 0.1833, -1.2941, 137.9657514720503, 0)', 69.36327314376831)
('(-0.1659, 0.1869, -1.289, 113.26651671716928, 0)', 69.49442315101624)
('(-0.1231, 0.1942, -1.2941, 99.922616665088796, 0)', 69.61370801925659)
('(-0.0842, 0.1972, -1.2993, 100.00797980144138, 0)', 69.72966408729553)
('(-0.0525, 0.1998, -1.2739, 93.954424078059077, 0)', 69.84863615036011)
('(-0.0033, 0.2008, -1.2941, 82.279454180645629, 0)', 69.96626305580139)
('(0.0283, 0.1952, -1.2447, 91.796511124260007, 0)', 70.09096717834473)
('(0.0482, 0.1976, -1.2739, 71.929117950057744, 0)', 70.21533799171448)
('(0.0782, 0.1847, -1.2739, 79.140156040842214, 0)', 70.33517098426819)
('(0.081, 0.1862, -1.2839, 90.0, 0)', 70.46376705169678)
('(0.0792, 0.1825, -1.289, 83.100951811499314, 0)', 70.59457802772522)
('(0.0637, 0.1775, -1.2839, 131.03415920101608, 0)', 70.71107816696167)
('(0.0448, 0.1862, -1.2993, 122.82854179141253, 0)', 70.83512210845947)
('(0.0167, 0.1915, -1.3204, 232.74777203610827, 0)', 70.9497640132904)
('(-0.0056, 0.1946, -1.3421, 240.41851840295561, 0)', 71.07731509208679)
('(-0.0381, 0.1987, -1.3704, 237.94605591403203, 0)', 71.19416999816895)
('(-0.0709, 0.1957, -1.382, 229.64526735314598, 0)', 71.32569599151611)
('(-0.1119, 0.1959, -1.3998, 234.44358891475395, 0)', 71.4411690235138)
('(-0.1539, 0.1936, -1.4181, 238.30805670073664, 0)', 71.56381797790527)
('(-0.1867, 0.1981, -1.4693, 242.86600782344064, 0)', 71.69764804840088)
('(-0.2223, 0.2115, -1.476, 236.35444441310216, 0)', 71.82124018669128)
('(-0.2492, 0.2078, -1.5032, 238.16501772751485, 0)', 71.94045901298523)
('(-0.2694, 0.2123, -1.5172, 233.01676432980457, 0)', 72.07063412666321)
('(-0.2849, 0.2137, -1.5461, 229.37012076207148, 0)', 72.20170998573303)
('(-0.289, 0.2088, -1.5684, 231.9718409982278, 0)', 72.32186317443848)
('(-0.2798, 0.2045, -1.576, 215.82406663365876, 0)', 72.4395101070404)
('(-0.2612, 0.1965, -1.576, 202.79846021458394, 0)', 72.5617470741272)
('(-0.2442, 0.1929, -1.5684, 172.06097385820212, 0)', 72.67809319496155)
('(-0.2204, 0.1876, -1.5684, 118.71884364238554, 0)', 72.80329418182373)
('(-0.2046, 0.185, -1.5684, 90.0, 0)', 72.92296719551086)
('(-0.1817, 0.1701, -1.5534, 84.229063778425612, 0)', 73.04546403884888)
('(-0.1637, 0.1651, -1.5315, 74.130782587694853, 0)', 73.16082215309143)
('(-0.1455, 0.1595, -1.5032, 65.37398447687255, 0)', 73.29345297813416)
('(-0.1273, 0.1608, -1.4693, 48.960624917017185, 0)', 73.4120261669159)
('(-0.1139, 0.1607, -1.4243, 37.954949795286488, 0)', 73.54380917549133)
('(-0.1095, 0.158, -1.3998, 27.707300337919442, 0)', 73.66924905776978)
('(-0.0999, 0.1563, -1.3646, 22.369193643638006, 0)', 73.78502917289734)
('(-0.0892, 0.1515, -1.3421, 18.211429360561421, 0)', 73.90678119659424)
('(-0.0795, 0.1525, -1.3312, 16.674446235319959, 0)', 74.02534508705139)
('(0.0,0.1,0.0,0.0,1)', 74.13188409805298)
('(-0.0609, 0.1484, -1.315, 20.279027689435956, 0)', 74.25458407402039)
('(-0.0502, 0.1451, -1.3257, 29.817591638002838, 0)', 74.32509207725525)
('(-0.0457, 0.1451, -1.3257, 51.949849141832246, 0)', 74.44579601287842)
('(-0.0373, 0.1265, -1.3421, 69.342980449758585, 0)', 74.57852602005005)
('(-0.0394, 0.1282, -1.3366, 104.4826122408064, 0)', 74.71061706542969)
('(-0.0395, 0.1219, -1.3421, 135.13293660487409, 0)', 74.84478807449341)
('(-0.0496, 0.1222, -1.3704, 146.87800232475857, 0)', 74.98012900352478)
('(-0.0624, 0.1224, -1.3998, 184.98633377123551, 0)', 75.09602999687195)
('(-0.0701, 0.1259, -1.412, 203.5094577193251, 0)', 75.2138261795044)
('(-0.0964, 0.1244, -1.4497, 202.15427592979987, 0)', 75.33450698852539)
('(-0.1169, 0.1279, -1.4627, 207.87035207445891, 0)', 75.4648129940033)
('(-0.1485, 0.1247, -1.4827, 216.09743963136029, 0)', 75.59409499168396)
('(-0.1834, 0.1204, -1.5243, 226.08476087196419, 0)', 75.72824215888977)
('(-0.222, 0.1313, -1.5609, 225.25396899053794, 0)', 75.85257005691528)
('(-0.257, 0.1345, -1.5992, 228.47991750426974, 0)', 75.98321604728699)
('(-0.2841, 0.1399, -1.6313, 225.74567303212842, 0)', 76.1064190864563)
('(-0.3136, 0.1393, -1.6561, 222.38097717243457, 0)', 76.22009015083313)
('(-0.3208, 0.1456, -1.6646, 224.65010645942789, 0)', 76.34566807746887)
('(-0.3229, 0.1422, -1.6905, 223.61385410356132, 0)', 76.46081805229187)
('(-0.3292, 0.1436, -1.7083, 215.82161077812094, 0)', 76.5833010673523)
('(-0.3148, 0.1408, -1.7083, 210.35811545876663, 0)', 76.69947910308838)
('(-0.3174, 0.1475, -1.7543, 181.31691240579332, 0)', 76.82680797576904)
('(-0.3052, 0.143, -1.7356, 177.82929278945664, 0)', 76.94346714019775)
('(-0.2935, 0.1371, -1.7356, 158.57191917109898, 0)', 77.05960202217102)
('(-0.2906, 0.1342, -1.7356, 127.40535663140865, 0)', 77.17863297462463)
('(-0.2803, 0.1408, -1.7083, 138.44471571995521, 0)', 77.30311298370361)
('(-0.2817, 0.1458, -1.6994, 38.88693092615047, 0)', 77.42584609985352)
('(-0.2815, 0.1541, -1.6646, 32.990475167437666, 0)', 77.5550889968872)
('(-0.2854, 0.1612, -1.6231, 9.5931342627303504, 0)', 77.67886209487915)
('(-0.2998, 0.1626, -1.5837, 2.6464546143131127, 0)', 77.80887699127197)
('(-0.325, 0.1554, -1.5387, 351.10531392501321, 0)', 77.93958306312561)
('(-0.3497, 0.1479, -1.4895, 344.92000486689108, 0)', 78.07163405418396)
('(-0.3664, 0.152, -1.4562, 338.71949835842139, 0)', 78.20417904853821)
('(-0.3861, 0.1498, -1.412, 334.11174791077451, 0)', 78.3351731300354)
('(-0.4001, 0.1523, -1.3704, 333.31494387491807, 0)', 78.4670581817627)
('(-0.4072, 0.1563, -1.3257, 335.9522823930688, 0)', 78.59832715988159)
('(-0.4154, 0.1564, -1.289, 340.65699589176148, 0)', 78.71570301055908)
('(-0.4105, 0.1606, -1.2542, 343.66613346412601, 0)', 78.83818006515503)
('(-0.4037, 0.1613, -1.2591, 351.21018797576232, 0)', 78.96698999404907)
('(-0.391, 0.1612, -1.2259, 358.14741311806091, 0)', 79.10351800918579)
('(-0.3745, 0.1612, -1.2259, 9.2200975913788525, 0)', 79.21988916397095)
('(-0.3528, 0.1611, -1.1944, 32.950399182793632, 0)', 79.34361410140991)
('(-0.3356, 0.1594, -1.2122, 43.97609933261699, 0)', 79.46314120292664)
('(-0.3169, 0.1541, -1.2033, 55.445083678735337, 0)', 79.58242201805115)
('(-0.2926, 0.1521, -1.2033, 73.038647821685785, 0)', 79.70403003692627)
('(-0.2815, 0.1404, -1.2077, 74.573355268029545, 0)', 79.82738518714905)
('(-0.2714, 0.1303, -1.1901, 100.56627563761059, 0)', 79.94738817214966)
('(-0.2684, 0.1348, -1.1944, 71.004653877739855, 0)', 80.07344698905945)
('(-0.2714, 0.1393, -1.1988, 79.601617968468332, 0)', 80.19608306884766)
('(-0.2795, 0.1383, -1.2077, 78.016030627995448, 0)', 80.31536412239075)
('(-0.2949, 0.142, -1.2213, 90.0, 0)', 80.43647408485413)
('(-0.3117, 0.141, -1.2305, 216.98724674855305, 0)', 80.55296516418457)
('(-0.3295, 0.1436, -1.2352, 230.18141601231622, 0)', 80.68635416030884)
('(-0.3627, 0.1457, -1.2352, 237.93260839673954, 0)', 80.81814312934875)
('(-0.3827, 0.1508, -1.2259, 251.7097893955733, 0)', 80.94881319999695)
('(-0.4188, 0.1579, -1.2168, 267.00091306454487, 0)', 81.06567001342773)
('(-0.4441, 0.1629, -1.2077, 277.28956437299956, 0)', 81.19482207298279)
('(-0.4702, 0.1673, -1.1814, 283.49384233097766, 0)', 81.33531713485718)
('(-0.5046, 0.161, -1.1645, 296.58636657025875, 0)', 81.46175718307495)
('(-0.5438, 0.1707, -1.1772, 296.73400940804305, 0)', 81.58969116210938)
('(-0.5755, 0.1826, -1.1772, 287.57820170150029, 0)', 81.71225500106812)
('(-0.6078, 0.1887, -1.1901, 283.06784022978741, 0)', 81.85139298439026)
('(0.0,0.1,0.0,0.0,1)', 81.96759605407715)
('(-0.6313, 0.2053, -1.1814, 266.38219015506252, 0)', 82.09381198883057)
('(-0.6313, 0.2053, -1.1814, 262.40239453765571, 0)', 82.16187715530396)
('(-0.6369, 0.2132, -1.2033, 267.25191181994614, 0)', 82.28646612167358)
('(-0.623, 0.2139, -1.2077, 246.97055614959712, 0)', 82.4147400856018)
('(-0.6055, 0.2151, -1.2259, 220.81508387488145, 0)', 82.54512119293213)
('(-0.5831, 0.2146, -1.2352, 149.89590222150736, 0)', 82.66395807266235)
('(-0.5643, 0.2138, -1.2305, 138.14249577707278, 0)', 82.78678107261658)
('(-0.5314, 0.2106, -1.2122, 110.53874576977299, 0)', 82.928297996521)
('(-0.4939, 0.208, -1.1857, 92.8124878702573, 0)', 83.05506205558777)
('(-0.465, 0.2085, -1.1441, 70.190216396508589, 0)', 83.16785216331482)
('(-0.4418, 0.2051, -1.1052, 52.35411738632849, 0)', 83.28699517250061)
('(-0.4106, 0.1922, -1.0449, 44.352617613058129, 0)', 83.41055417060852)
('(-0.393, 0.1924, -1.0, 35.831400413869964, 0)', 83.52745699882507)
('(-0.3676, 0.1792, -0.9314, 28.517422531655082, 0)', 83.64352607727051)
('(-0.3537, 0.1711, -0.8739, 24.604083368408268, 0)', 83.76058316230774)
('(-0.339, 0.1521, -0.8273, 20.851367707898365, 0)', 83.8838210105896)
('(-0.3335, 0.1428, -0.7911, 18.213486393745246, 0)', 84.00545120239258)
('(0.0,0.1,0.0,0.0,1)', 84.10921120643616)
('(-0.3194, 0.1203, -0.7669, 15.898292570380523, 0)', 84.23082518577576)
('(-0.3089, 0.1145, -0.7633, 16.331065649319239, 0)', 84.29408502578735)
('(-0.3099, 0.1064, -0.7988, 22.051062719076729, 0)', 84.41539907455444)
('(-0.2887, 0.0795, -0.8148, 45.596809451229106, 0)', 84.54049015045166)
('(-0.259, 0.0635, -0.7873, 117.87963975254839, 0)', 84.66307306289673)
('(-0.2502, 0.0406, -0.8669, 108.66231183391255, 0)', 84.79201316833496)
('(-0.23, 0.0057, -0.908, 150.46400864034047, 0)', 84.92263412475586)
('(-0.219, -0.019, -0.9131, 143.80762618457976, 0)', 85.05503606796265)
('(-0.2183, -0.0182, -0.9504, 144.66130347080895, 0)', 85.18614602088928)
('(-0.22, -0.0274, -0.9939, 165.9885563196662, 0)', 85.30367398262024)
('(-0.2299, -0.028, -1.0156, 166.62376790358715, 0)', 85.42714214324951)
('(-0.2403, -0.0251, -1.0383, 179.94675114961231, 0)', 85.55589008331299)
('(-0.2495, -0.0112, -1.0551, 189.65516164392901, 0)', 85.67953610420227)
('(-0.2716, -0.0023, -1.0655, 196.59375501689425, 0)', 85.79339599609375)
('(-0.2878, 0.0031, -1.0655, 215.77917595936214, 0)', 85.91411709785461)
('(-0.3119, 0.0138, -1.062, 229.24422583564152, 0)', 86.03781700134277)
('(-0.3469, 0.0181, -1.1052, 251.68516793928788, 0)', 86.15759015083313)
('(-0.3846, 0.0516, -1.1015, 242.77990107751063, 0)', 86.28650498390198)
('(-0.4037, 0.07, -1.0978, 252.328949638008, 0)', 86.39958310127258)
('(-0.4265, 0.0839, -1.109, 254.42745640318961, 0)', 86.52536511421204)
('(-0.4283, 0.1008, -1.109, 247.70037890103458, 0)', 86.64609813690186)
('(-0.4295, 0.1127, -1.0978, 267.32719894105065, 0)', 86.76019406318665)
('(-0.4269, 0.1322, -1.1052, 274.71083453562011, 0)', 86.87352800369263)
('(-0.4223, 0.1463, -1.1128, 252.30911037996705, 0)', 87.00312399864197)
('(-0.3944, 0.161, -1.0978, 132.13759477388857, 0)', 87.12832498550415)
('(-0.3679, 0.1729, -1.0904, 71.717298239953521, 0)', 87.26156806945801)
('(-0.3225, 0.1821, -1.0796, 83.149891319259908, 0)', 87.38368701934814)
('(-0.2814, 0.1887, -1.0551, 76.222309738736001, 0)', 87.51277112960815)
('(-0.2474, 0.1932, -1.0317, 67.730395394440379, 0)', 87.64707612991333)
('(-0.2106, 0.1952, -0.997, 65.78846328143608, 0)', 87.76519107818604)
('(-0.1772, 0.1981, -0.9702, 59.299435879027406, 0)', 87.8869321346283)
('(-0.1414, 0.1944, -0.9287, 53.022995787503639, 0)', 88.0209732055664)
('(-0.1108, 0.1955, -0.934, 47.922472668024909, 0)', 88.14032196998596)
('(-0.0865, 0.1938, -0.9261, 54.426628849618304, 0)', 88.25362610816956)
('(-0.0588, 0.1854, -0.908, 60.260091000147888, 0)', 88.38071703910828)
('(-0.0418, 0.1737, -0.903, 62.285355028647203, 0)', 88.50001001358032)
('(-0.018, 0.1549, -0.8578, 75.531445720761795, 0)', 88.61683511734009)
('(-0.0111, 0.1512, -0.8786, 50.609874069477108, 0)', 88.73486018180847)
('(-0.0113, 0.1526, -0.8955, 57.790160256948248, 0)', 88.85776805877686)
('(-0.013, 0.1527, -0.9055, 75.256437163529185, 0)', 88.99327516555786)
('(-0.0242, 0.1488, -0.9287, 94.961155804663292, 0)', 89.11691498756409)
('(-0.037, 0.1453, -0.9367, 184.99763715558794, 0)', 89.22820210456848)
('(-0.0584, 0.1442, -0.9504, 204.0265065786792, 0)', 89.35185313224792)
('(-0.0847, 0.1406, -0.9588, 220.62706872311884, 0)', 89.47607803344727)
('(-0.106, 0.1411, -0.9616, 233.37380355090707, 0)', 89.60468316078186)
('(-0.138, 0.1406, -0.9588, 248.08998449047658, 0)', 89.730642080307)
('(-0.1698, 0.1422, -0.9476, 257.65752914595424, 0)', 89.86558604240417)
('(-0.2004, 0.1433, -0.934, 271.43980621096563, 0)', 89.9834201335907)
('(-0.2299, 0.1343, -0.9261, 282.09813895515202, 0)', 90.09920716285706)
('(-0.2505, 0.1305, -0.9105, 285.98814026649728, 0)', 90.22151899337769)
('(-0.2846, 0.1462, -0.9421, 293.23546037954554, 0)', 90.34869313240051)
('(-0.2987, 0.1517, -0.9367, 272.74290953073415, 0)', 90.4767701625824)
('(-0.3035, 0.1485, -0.9367, 268.4266559607517, 0)', 90.59979009628296)
('(-0.3043, 0.1553, -0.9394, 261.80451641194082, 0)', 90.71401500701904)
('(-0.2982, 0.1562, -0.9449, 241.75643197319491, 0)', 90.8399600982666)
('(-0.283, 0.1564, -0.9367, 258.36636600105993, 0)', 90.972088098526)
('(-0.2645, 0.1583, -0.9673, 90.0, 0)', 91.10179018974304)
('(-0.2171, 0.1508, -0.9314, 128.11827636936314, 0)', 91.2107310295105)
('(-0.1852, 0.1472, -0.9287, 84.758180053020425, 0)', 91.32728600502014)
('(-0.141, 0.1452, -0.9261, 81.841505289638235, 0)', 91.44714498519897)
('(-0.1089, 0.1394, -0.9182, 85.7309089202693, 0)', 91.57027220726013)
('(-0.0628, 0.1335, -0.9208, 72.486768459571309, 0)', 91.69237518310547)
('(-0.0191, 0.127, -0.908, 86.070106578583349, 0)', 91.82084012031555)
('(0.0232, 0.1201, -0.8906, 82.896212171621144, 0)', 91.9435441493988)
('(0.0494, 0.1107, -0.8762, 77.800432234651907, 0)', 92.0646231174469)
('(0.0781, 0.1066, -0.8669, 75.140695465964669, 0)', 92.18035912513733)
('(0.0934, 0.0956, -0.86, 69.066107728045168, 0)', 92.31360697746277)
('(0.0933, 0.0871, -0.821, 66.893673141728428, 0)', 92.43145418167114)
('(0.0891, 0.0969, -0.8336, 45.2050663380926, 0)', 92.56596302986145)
('(0.0835, 0.0997, -0.8336, 42.981907140935277, 0)', 92.68412709236145)
('(0.0744, 0.1022, -0.8422, 9.21102654081667, 0)', 92.80732107162476)
('(0.0577, 0.1027, -0.8466, 313.13232116056588, 0)', 92.92508912086487)
('(0.0426, 0.1055, -0.8578, 234.28004568770959, 0)', 93.04574298858643)
('(0.0253, 0.1043, -0.86, 242.50617368909602, 0)', 93.16740202903748)
('(-0.0036, 0.1049, -0.8646, 245.60056407582491, 0)', 93.28371500968933)
('(-0.0295, 0.1038, -0.8555, 253.97702015257147, 0)', 93.40848302841187)
('(-0.0621, 0.103, -0.8488, 264.1723308498016, 0)', 93.53584098815918)
('(-0.0865, 0.1014, -0.8357, 274.91306135546461, 0)', 93.66816997528076)
('(-0.1143, 0.1107, -0.8762, 282.2626460670254, 0)', 93.79766511917114)
('(-0.1368, 0.1216, -0.8692, 264.01793774120745, 0)', 93.92669320106506)
('(-0.1543, 0.126, -0.8692, 262.72387714111949, 0)', 94.05583000183105)
('(-0.1521, 0.1268, -0.8646, 257.5238417403192, 0)', 94.18532514572144)
('(-0.1514, 0.1334, -0.8692, 246.2241680037215, 0)', 94.30700302124023)
('(-0.1378, 0.136, -0.8401, 280.6849124000027, 0)', 94.42169499397278)
('(-0.1207, 0.1374, -0.8488, 358.03184735723801, 0)', 94.54947519302368)
('(-0.0917, 0.136, -0.8315, 58.736268305622588, 0)', 94.67245697975159)
('(-0.0533, 0.1361, -0.8231, 61.276675097435351, 0)', 94.80035018920898)
('(-0.0193, 0.1407, -0.851, 64.829824231438835, 0)', 94.9154281616211)
('(0.0,0.1,0.0,0.0,1)', 95.02204203605652)
('(0.0464, 0.1277, -0.8231, 95.2554560387332, 0)', 95.14455103874207)
('(0.0818, 0.1212, -0.8169, 81.256414334084383, 0)', 95.21360611915588)
('(0.1134, 0.1142, -0.8068, 85.189900804825555, 0)', 95.33728313446045)
('(0.1489, 0.108, -0.8008, 84.415346411471816, 0)', 95.46058702468872)
('(0.1817, 0.0933, -0.8028, 73.382044059569282, 0)', 95.58384013175964)
('(0.1909, 0.0761, -0.7797, 81.467163632905283, 0)', 95.69929099082947)
('(0.2333, 0.0819, -0.7723, 71.172082170876834, 0)', 95.81800103187561)
('(0.245, 0.0864, -0.7892, 73.947367820932627, 0)', 95.94034719467163)
('(0.2798, 0.0797, -0.8169, 83.11726318139651, 0)', 96.05464220046997)
('(0.2798, 0.0778, -0.8252, 98.179156947917534, 0)', 96.18438816070557)
('(0.2426, 0.0517, -0.8555, 117.10386707496077, 0)', 96.31125402450562)
('(0.2392, 0.0407, -0.8692, 173.62201919512344, 0)', 96.44157218933105)
('(0.2122, 0.0427, -0.8786, 184.14668882596601, 0)', 96.56202507019043)
('(0.1662, 0.0385, -0.8858, 227.61261233035898, 0)', 96.68842506408691)
('(0.1487, 0.0401, -0.8882, 241.92227770419149, 0)', 96.81347703933716)
('(0.1203, 0.0401, -0.8882, 250.79969506790471, 0)', 96.93699216842651)
('(0.0914, 0.0339, -0.8834, 260.92099992591017, 0)', 97.0561351776123)
('(0.0684, 0.035, -0.8739, 267.72454356174592, 0)', 97.1900269985199)
('(0.0394, 0.0327, -0.851, 276.93746945895128, 0)', 97.32032608985901)
('(0.0077, 0.025, -0.8336, 288.79588705810522, 0)', 97.44799900054932)
('(-0.0269, 0.0163, -0.821, 295.86885366860866, 0)', 97.57864904403687)
('(-0.0486, 0.0051, -0.8128, 297.81041544384635, 0)', 97.69947910308838)
('(-0.0641, -0.0004, -0.8555, 297.57456395969439, 0)', 97.82104802131653)
('(-0.0808, 0.001, -0.8646, 267.51044707800071, 0)', 97.94215106964111)
('(-0.0753, -0.0049, -0.8692, 250.69553612144949, 0)', 98.07507705688477)
('(0.0,0.1,0.0,0.0,1)', 98.17981219291687)
('(-0.072, 0.0056, -0.9005, 225.11862463280872, 0)', 98.30122208595276)
('(-0.0599, 0.0041, -0.9005, 194.93954942980577, 0)', 98.3750810623169)
('(-0.0316, 0.0042, -0.9157, 174.66784111834045, 0)', 98.50771903991699)
('(0.0099, 0.0011, -0.908, 136.08523392222085, 0)', 98.633052110672)
('(0.0406, -0.0005, -0.9105, 114.48447512692357, 0)', 98.74984002113342)
('(0.1, -0.0067, -0.9208, 95.075120232883535, 0)', 98.8826060295105)
('(0.1443, -0.0117, -0.9476, 97.23524279912877, 0)', 99.01796007156372)
('(0.1904, -0.0115, -0.9314, 100.279046599813, 0)', 99.13846206665039)
('(0.2177, -0.0036, -0.9208, 97.386621265844383, 0)', 99.2588381767273)
('(0.2955, -0.0351, -0.9314, 93.32852900428216, 0)', 99.3791151046753)
('(0.292, -0.0021, -0.956, 93.103535354296426, 0)', 99.51253008842468)
('(0.3237, -0.0088, -0.979, 93.255021388395889, 0)', 99.63429999351501)
('(0.3085, 0.0126, -0.9673, 109.65110113345158, 0)', 99.75046014785767)
('(0.3158, 0.0455, -1.0062, 117.11764568198082, 0)', 99.88748908042908)
('(0.3163, 0.0702, -1.0188, 164.81620111691845, 0)', 100.01022410392761)
('(0.317, 0.1048, -1.0551, 158.84641921004402, 0)', 100.1248550415039)
('(0.28, 0.103, -1.1128, 185.03146434264917, 0)', 100.24122905731201)
('(0.2658, 0.1258, -1.1321, 191.08256946302964, 0)', 100.36316204071045)
('(0.25, 0.1422, -1.1563, 201.66003567713349, 0)', 100.48984718322754)
('(0.2141, 0.155, -1.1944, 205.74251958412802, 0)', 100.60658097267151)
('(0.1874, 0.1805, -1.2168, 216.45303999265579, 0)', 100.72041606903076)
('(0.1611, 0.2021, -1.2352, 221.68137692762417, 0)', 100.85158514976501)
('(0.1256, 0.2264, -1.2542, 225.44115224086767, 0)', 100.98199605941772)
('(0.0879, 0.255, -1.2591, 231.79805079800292, 0)', 101.11294102668762)
('(0.0461, 0.286, -1.2739, 242.85677073721945, 0)', 101.23079109191895)
('(0.0097, 0.3088, -1.2789, 247.99613277143001, 0)', 101.36246514320374)
('(-0.0312, 0.3347, -1.2789, 253.89977801454995, 0)', 101.49654912948608)
('(-0.0751, 0.3519, -1.2941, 261.04801510217624, 0)', 101.6290910243988)
('(-0.1163, 0.3944, -1.3421, 257.88123966527485, 0)', 101.74700498580933)
('(-0.1418, 0.4097, -1.3704, 247.21999354003106, 0)', 101.86547613143921)
('(-0.1637, 0.4327, -1.3998, 238.869686438505, 0)', 101.98825597763062)
('(-0.1865, 0.446, -1.412, 227.62102353708997, 0)', 102.11960005760193)
('(-0.1997, 0.4649, -1.4562, 223.37626314780027, 0)', 102.238272190094)
('(-0.2022, 0.4649, -1.4562, 216.1644800191811, 0)', 102.35351610183716)
('(-0.1959, 0.4659, -1.4827, 215.14411669509016, 0)', 102.47268009185791)
('(-0.1784, 0.4647, -1.5032, 201.22715487634687, 0)', 102.59658813476562)
('(-0.1632, 0.457, -1.5032, 174.92454762152101, 0)', 102.71059107780457)
('(-0.1429, 0.4418, -1.5032, 142.16723872851986, 0)', 102.82630610466003)
('(-0.1272, 0.4296, -1.4963, 128.39964344787248, 0)', 102.94292712211609)
('(-0.1085, 0.4182, -1.4827, 101.19761941244492, 0)', 103.07139706611633)
('(-0.0842, 0.4015, -1.4497, 73.654847462719431, 0)', 103.20157814025879)
('(-0.0707, 0.3945, -1.4243, 55.893546058037138, 0)', 103.33173418045044)
('(-0.0544, 0.3718, -1.3762, 42.461082547269001, 0)', 103.46191120147705)
('(-0.0504, 0.3597, -1.3312, 31.222631781334503, 0)', 103.5949981212616)
('(-0.042, 0.3391, -1.2789, 20.981736390415954, 0)', 103.72923302650452)
('(-0.0468, 0.3212, -1.2352, 13.878273701359282, 0)', 103.85975217819214)
('(-0.0452, 0.3046, -1.1944, 7.2033146908538326, 0)', 104.0053071975708)
('(-0.0396, 0.2811, -1.1481, 2.8969851393192556, 0)', 104.12045812606812)
('(-0.0335, 0.2666, -1.1361, 3.3756323905025845, 0)', 104.24540710449219)
('(-0.0255, 0.2524, -1.1243, 3.406443754994724, 0)', 104.3738341331482)
('(-0.0106, 0.2309, -1.1401, 10.87211287862397, 0)', 104.49733710289001)
('(0.0066, 0.2151, -1.1282, 32.505317229942122, 0)', 104.6344861984253)
('(0.0278, 0.1885, -1.1401, 66.696718802393036, 0)', 104.76055216789246)
('(0.0553, 0.1593, -1.1522, 93.733420298103994, 0)', 104.89271116256714)
('(0.0676, 0.1373, -1.1321, 109.04964133379593, 0)', 105.01122617721558)
('(0.0749, 0.1207, -1.1563, 84.158859742684896, 0)', 105.12634301185608)
('(0.0755, 0.1196, -1.1645, 112.36325604831968, 0)', 105.26396417617798)
('(0.0711, 0.1142, -1.1901, 117.09112451899259, 0)', 105.3835961818695)
('(0.06, 0.1159, -1.2077, 157.3694014852974, 0)', 105.5072979927063)
('(0.0425, 0.118, -1.2305, 185.7406066389519, 0)', 105.6357090473175)
('(0.0303, 0.121, -1.2399, 203.58885738414986, 0)', 105.76485705375671)
('(-0.0032, 0.1241, -1.2494, 210.94140156656215, 0)', 105.89507913589478)
('(-0.0392, 0.1293, -1.2591, 231.4060813926634, 0)', 106.01662302017212)
('(-0.0728, 0.1352, -1.2542, 242.60928618015063, 0)', 106.14088606834412)
('(-0.1176, 0.1464, -1.2591, 258.38459475484774, 0)', 106.2677869796753)
('(-0.1461, 0.1516, -1.2494, 262.60337395644206, 0)', 106.39182305335999)
('(-0.1805, 0.1606, -1.2542, 270.0, 0)', 106.5113730430603)
('(-0.2117, 0.1683, -1.264, 271.98610658998518, 0)', 106.63488817214966)
('(-0.2363, 0.1833, -1.2941, 265.96422091988535, 0)', 106.76550197601318)
('(-0.2578, 0.1951, -1.315, 253.57126788527961, 0)', 106.88563108444214)
('(-0.2733, 0.2057, -1.3257, 239.57482158649339, 0)', 107.01491904258728)
('(0.0,0.1,0.0,0.0,1)', 107.12025117874146)
('(-0.2972, 0.2306, -1.3533, 232.38667826793011, 0)', 107.25307512283325)
('(-0.2823, 0.2323, -1.3366, 223.75463573323171, 0)', 107.30944418907166)
('(-0.2699, 0.2355, -1.3421, 227.26475454822344, 0)', 107.43763399124146)
('(-0.2584, 0.2417, -1.3646, 204.06049739679781, 0)', 107.56538915634155)
('(-0.2279, 0.2433, -1.3477, 159.04149034404134, 0)', 107.69093799591064)
('(-0.1993, 0.2466, -1.3533, 85.380076518339564, 0)', 107.81985211372375)
('(-0.1698, 0.2481, -1.3366, 101.37629308774872, 0)', 107.94927406311035)
('(-0.1356, 0.2475, -1.3097, 86.85504253530182, 0)', 108.06872606277466)
('(-0.107, 0.247, -1.2839, 65.912090210814, 0)', 108.19244503974915)
('(-0.0744, 0.2415, -1.2447, 62.178992559037837, 0)', 108.31282997131348)
('(-0.0516, 0.2376, -1.2033, 48.993184622186718, 0)', 108.44401812553406)
('(-0.0326, 0.2316, -1.1729, 41.564099652704314, 0)', 108.57362818717957)
('(-0.0163, 0.229, -1.1401, 36.976967419856791, 0)', 108.69882011413574)
('(-0.0066, 0.2243, -1.1166, 32.241152277473262, 0)', 108.82392311096191)
('(0.0,0.1,0.0,0.0,1)', 108.93144917488098)
('(0.0082, 0.2072, -1.0868, 27.891105553782911, 0)', 109.05949902534485)
('(0.0082, 0.1907, -1.0868, 27.171643664636619, 0)', 109.1267671585083)
('(0.0117, 0.1918, -1.0725, 25.354757008156756, 0)', 109.24705505371094)
('(0.0154, 0.1797, -1.076, 22.499394605148865, 0)', 109.36645603179932)
('(0.0082, 0.1705, -1.0868, 28.452020306215505, 0)', 109.49597811698914)
('(-0.0044, 0.1655, -1.0551, 0, 0)', 109.61923718452454)
('(-0.0194, 0.1555, -1.0978, 338.32334977104682, 0)', 109.73674201965332)
('(-0.027, 0.164, -1.1052, 230.8714794244035, 0)', 109.86868619918823)
('(-0.0427, 0.1579, -1.1282, 235.44562205652522, 0)', 109.99409508705139)
('(-0.0593, 0.154, -1.1563, 230.87648930090737, 0)', 110.12079620361328)
('(-0.0763, 0.1528, -1.1772, 208.47939371379985, 0)', 110.25154399871826)
('(-0.0984, 0.1597, -1.2305, 215.62631810369996, 0)', 110.37566614151001)
('(-0.1346, 0.1677, -1.2591, 209.67589183056879, 0)', 110.5071771144867)
('(-0.1473, 0.1826, -1.2591, 215.0712593042584, 0)', 110.64181303977966)
('(-0.172, 0.1861, -1.2542, 220.56455481066001, 0)', 110.77529716491699)
('(-0.1783, 0.1926, -1.2689, 231.1799242491831, 0)', 110.89921307563782)
('(-0.1812, 0.1953, -1.2591, 244.33102568936081, 0)', 111.02959108352661)
('(-0.179, 0.1976, -1.2739, 270.0, 0)', 111.15463399887085)
('(-0.159, 0.1875, -1.2352, 244.97321258666548, 0)', 111.28371715545654)
('(-0.1464, 0.1888, -1.2168, 34.380344723844964, 0)', 111.41336297988892)
('(-0.1312, 0.1826, -1.1901, 31.478471754481568, 0)', 111.54936814308167)
('(-0.1115, 0.1768, -1.1522, 35.928502422822767, 0)', 111.67100119590759)
('(-0.0952, 0.1757, -1.1205, 29.014615426401285, 0)', 111.81099009513855)
('(-0.0648, 0.1655, -1.0551, 29.084284438063047, 0)', 111.93818402290344)
('(-0.052, 0.1554, -1.0125, 26.777256797566093, 0)', 112.06876111030579)
('(-0.0383, 0.1452, -0.9673, 24.034288159442589, 0)', 112.18964910507202)
('(-0.0229, 0.1406, -0.9367, 21.598101009043084, 0)', 112.31771516799927)
('(-0.0114, 0.1374, -0.9055, 21.472808110807954, 0)', 112.44933700561523)
('(-0.0084, 0.1409, -0.908, 19.644118666511844, 0)', 112.58063912391663)
('(-0.0008, 0.1363, -0.898, 22.647111580265896, 0)', 112.71011805534363)
('(0.0023, 0.1359, -0.9157, 28.418952152260424, 0)', 112.83531212806702)
('(0.0179, 0.1217, -0.9261, 50.194428907734789, 0)', 112.95129299163818)
('(0.0213, 0.1267, -0.9394, 125.10996651311086, 0)', 113.08512020111084)
('(0.0132, 0.1217, -0.9261, 136.59374308677963, 0)', 113.21078515052795)
('(0.0041, 0.1255, -0.9673, 153.51656668724991, 0)', 113.33172917366028)
('(-0.0025, 0.1395, -0.9849, 178.00212014352331, 0)', 113.45985913276672)
('(-0.0216, 0.1469, -1.0252, 199.13364320590551, 0)', 113.59759616851807)
('(-0.0379, 0.1556, -1.0483, 206.565051177078, 0)', 113.73137497901917)
('(-0.0572, 0.1693, -1.0796, 202.69306934222129, 0)', 113.85486006736755)
('(-0.0878, 0.174, -1.0978, 208.62832997276305, 0)', 113.97640419006348)
('(-0.1096, 0.1802, -1.1128, 217.07235538806219, 0)', 114.10578203201294)
('(-0.1471, 0.1884, -1.1282, 225.13051407839106, 0)', 114.23078799247742)
('(-0.1872, 0.1986, -1.1772, 233.80762618457968, 0)', 114.34796118736267)
('(-0.2371, 0.2164, -1.1988, 233.1019056145459, 0)', 114.46605610847473)
('(-0.264, 0.218, -1.2305, 235.92203036886497, 0)', 114.5857470035553)
('(-0.3036, 0.2238, -1.2399, 232.68151986003559, 0)', 114.70376706123352)
('(-0.3236, 0.2226, -1.2447, 234.4831066495008, 0)', 114.82378911972046)
('(-0.3376, 0.217, -1.2739, 243.67066330654859, 0)', 114.94272899627686)
('(-0.3468, 0.2122, -1.2839, 233.2305730904306, 0)', 115.06712913513184)
('(-0.3422, 0.2038, -1.2993, 237.1809160790055, 0)', 115.1962080001831)
('(-0.3309, 0.1929, -1.315, 213.01708618767677, 0)', 115.32089900970459)
('(-0.3122, 0.1736, -1.3204, 185.92838542188829, 0)', 115.4518551826477)
('(-0.2979, 0.172, -1.3257, 151.35501960947974, 0)', 115.58322310447693)
('(-0.2755, 0.1529, -1.315, 130.52401156320991, 0)', 115.7094202041626)
('(-0.2624, 0.146, -1.2941, 103.24530772995953, 0)', 115.8347680568695)
('(-0.2509, 0.1411, -1.2689, 73.032554931971319, 0)', 115.94997215270996)
('(-0.2392, 0.1326, -1.2305, 49.965356965340426, 0)', 116.07947397232056)
('(-0.235, 0.1211, -1.1988, 31.657844120167344, 0)', 116.19638800621033)
('(-0.2373, 0.1133, -1.1604, 19.215336520266661, 0)', 116.30993318557739)
('(-0.2415, 0.1033, -1.1166, 10.632591780679746, 0)', 116.42986416816711)
('(-0.2454, 0.0978, -1.076, 3.5318318980195071, 0)', 116.54980802536011)
('(-0.2466, 0.0865, -1.0284, 357.7019849144279, 0)', 116.67798113822937)
('(-0.2467, 0.0785, -0.9939, 356.10559151908035, 0)', 116.80705118179321)
('(-0.2535, 0.0719, -0.9504, 356.76871346612091, 0)', 116.93037819862366)
('(-0.2483, 0.0613, -0.9367, 355.87028693870093, 0)', 117.04388308525085)
('(-0.2554, 0.0596, -0.934, 358.80736710479545, 0)', 117.16733407974243)
('(-0.2405, 0.0505, -0.9131, 354.67425937523228, 0)', 117.28105807304382)
('(-0.2374, 0.0511, -0.8955, 4.3878600438411226, 0)', 117.41540813446045)
('(-0.2268, 0.0434, -0.9261, 16.344327654910298, 0)', 117.53590297698975)
('(-0.2168, 0.0376, -0.9367, 63.755630807422854, 0)', 117.65705108642578)
('(-0.2031, 0.0288, -0.9616, 94.001218712476515, 0)', 117.77413702011108)
('(-0.1909, 0.0161, -0.9819, 142.36296107947675, 0)', 117.90271615982056)
('(-0.1793, 0.0143, -0.9731, 151.71110917056311, 0)', 118.02243709564209)
('(-0.1848, 0.0283, -1.0031, 134.69685055628582, 0)', 118.1595311164856)
('(-0.1867, 0.0241, -1.0416, 154.26929439846882, 0)', 118.27892303466797)
('(-0.1891, 0.0387, -1.0551, 168.41487377514494, 0)', 118.41098809242249)
('(-0.2087, 0.0453, -1.0832, 178.59137126466152, 0)', 118.54596710205078)
('(-0.2271, 0.0554, -1.1015, 194.95084935630143, 0)', 118.66592907905579)
('(-0.2565, 0.0637, -1.1166, 203.261807604045, 0)', 118.788654088974)
('(-0.2973, 0.0725, -1.1361, 222.94330059008186, 0)', 118.92234516143799)
('(-0.3372, 0.0791, -1.1481, 233.18097163304779, 0)', 119.05320119857788)
('(-0.3833, 0.0831, -1.1772, 243.20355985606253, 0)', 119.18718600273132)
('(-0.4339, 0.0993, -1.2305, 244.14354382434101, 0)', 119.3089530467987)
('(-0.4661, 0.1173, -1.2447, 237.29743298819267, 0)', 119.42024517059326)
('(-0.4957, 0.1237, -1.289, 237.24419211606872, 0)', 119.54436016082764)
('(-0.5104, 0.1318, -1.3045, 228.36421702559122, 0)', 119.6755599975586)
('(-0.5276, 0.1435, -1.3312, 224.95495615746137, 0)', 119.80739498138428)
('(-0.5201, 0.15, -1.3704, 222.937771349543, 0)', 119.94027400016785)
('(-0.5077, 0.158, -1.3998, 203.24808296852504, 0)', 120.07041811943054)
('(-0.4812, 0.1617, -1.412, 186.18122645558563, 0)', 120.18872404098511)
('(-0.4418, 0.1639, -1.4306, 164.80352588190098, 0)', 120.3095920085907)
('(-0.4184, 0.1587, -1.4497, 139.19992680843055, 0)', 120.42592811584473)
('(-0.3745, 0.1513, -1.4497, 127.94512262797991, 0)', 120.563157081604)
('(-0.334, 0.1531, -1.4433, 110.53718706852804, 0)', 120.68272018432617)
('(-0.3046, 0.1493, -1.4306, 102.00434751249658, 0)', 120.80613017082214)
('(-0.2685, 0.1491, -1.4059, 90.0, 0)', 120.91514301300049)
('(-0.2477, 0.1466, -1.382, 73.711911993578113, 0)', 121.03841614723206)
('(-0.2257, 0.1475, -1.3477, 61.901721055140946, 0)', 121.17047119140625)
('(-0.211, 0.14, -1.2993, 48.564088322953573, 0)', 121.29059219360352)
('(-0.2031, 0.1448, -1.264, 35.483979795031786, 0)', 121.41492414474487)
('(-0.2027, 0.1457, -1.2352, 24.744406614685357, 0)', 121.53665518760681)
('(-0.2076, 0.148, -1.2033, 17.042371437783807, 0)', 121.66427302360535)
('(-0.2185, 0.1499, -1.1857, 7.1445495551724401, 0)', 121.78768014907837)
('(-0.2142, 0.1562, -1.1729, 356.22274979252023, 0)', 121.91389608383179)
('(-0.2268, 0.1607, -1.1772, 353.05308862260858, 0)', 122.0424861907959)
('(-0.2288, 0.1627, -1.1772, 337.43627296860734, 0)', 122.1686019897461)
('(-0.2316, 0.1613, -1.1814, 320.91440651756676, 0)', 122.29462718963623)
('(-0.2254, 0.1594, -1.2122, 288.17212598968536, 0)', 122.43153619766235)
('(-0.2189, 0.1531, -1.2447, 195.90687773562436, 0)', 122.56182599067688)
('(-0.2113, 0.1516, -1.2494, 173.32464014644097, 0)', 122.68549108505249)
('(-0.2115, 0.1564, -1.289, 166.37527643874807, 0)', 122.80206799507141)
('(-0.1963, 0.1498, -1.289, 169.41892989979289, 0)', 122.92091703414917)
('(-0.1803, 0.1457, -1.3312, 159.24798879120667, 0)', 123.03957104682922)
('(-0.1606, 0.139, -1.3533, 155.9515274997471, 0)', 123.15730404853821)
('(-0.1384, 0.1349, -1.382, 153.98904933828996, 0)', 123.27971816062927)
('(-0.1166, 0.1272, -1.3998, 141.83189154019865, 0)', 123.40253019332886)
('(-0.0887, 0.123, -1.4059, 144.27200390611713, 0)', 123.52323508262634)
('(-0.063, 0.114, -1.412, 129.19731895757809, 0)', 123.6569721698761)
('(-0.0423, 0.1111, -1.4369, 121.02414959156106, 0)', 123.77414202690125)
('(-0.0278, 0.1087, -1.4369, 119.73846016287605, 0)', 123.91277503967285)
('(0.0012, 0.0994, -1.4433, 112.67482051860347, 0)', 124.04509210586548)
('(0.0258, 0.0908, -1.4627, 112.58817981486726, 0)', 124.17526316642761)
('(0.0505, 0.0859, -1.4627, 119.72403130531775, 0)', 124.2971601486206)
('(0.0711, 0.082, -1.4827, 105.53684763753868, 0)', 124.4227340221405)
('(0.0906, 0.0737, -1.5172, 114.84857312011887, 0)', 124.54849004745483)
('(0.1044, 0.0692, -1.5315, 129.57788181037861, 0)', 124.66954207420349)
('(0.1101, 0.0721, -1.5387, 131.19624501061128, 0)', 124.79968500137329)
('(0.1127, 0.0659, -1.576, 141.89608419465355, 0)', 124.93146419525146)
('(0.1149, 0.0617, -1.6071, 155.96917298465817, 0)', 125.05495405197144)
('(0.1145, 0.0713, -1.6395, 164.87438745314131, 0)', 125.16805505752563)
('(0.109, 0.0788, -1.6818, 174.65732259871493, 0)', 125.28491115570068)
('(0.1008, 0.0843, -1.7356, 180.44042009882241, 0)', 125.41698813438416)
('(0.0855, 0.0956, -1.7831, 184.26416334915274, 0)', 125.54550409317017)
('(0.0656, 0.1034, -1.8129, 189.48343729073034, 0)', 125.67245197296143)
('(0.0359, 0.1089, -1.8542, 195.74881920364285, 0)', 125.80708003044128)
('(0.0112, 0.1178, -1.8974, 202.97762057819781, 0)', 125.92242813110352)
('(-0.0145, 0.1217, -1.9085, 208.97637233027211, 0)', 126.04916214942932)
('(-0.0507, 0.1305, -1.9427, 218.57054518393196, 0)', 126.17267918586731)
('(-0.0839, 0.1412, -1.9543, 221.86014397319084, 0)', 126.29732203483582)
('(-0.12, 0.1511, -1.9543, 230.11924380595329, 0)', 126.42065501213074)
('(-0.1539, 0.152, -1.9661, 246.55415166610945, 0)', 126.54965019226074)
('(-0.1903, 0.1587, -1.9661, 247.54961411763128, 0)', 126.67161512374878)
('(-0.224, 0.1601, -1.9427, 260.48444131065054, 0)', 126.79106402397156)
('(-0.2468, 0.1634, -1.9427, 274.73317961800456, 0)', 126.91834998130798)
('(-0.273, 0.1744, -1.9198, 275.22702036014289, 0)', 127.04877710342407)
('(-0.2858, 0.1852, -1.8974, 291.24354058401264, 0)', 127.16954612731934)
('(-0.2872, 0.1852, -1.8648, 305.73017276963719, 0)', 127.30639004707336)
('(-0.2901, 0.1956, -1.8437, 320.94769994075193, 0)', 127.42862510681152)
('(-0.2918, 0.2061, -1.8542, 336.37669463215371, 0)', 127.56033110618591)
('(-0.2792, 0.2077, -1.8129, 344.00847224148293, 0)', 127.68678998947144)
('(-0.27, 0.2107, -1.8129, 4.4661060237214381, 0)', 127.80485320091248)
('(-0.2564, 0.2187, -1.8029, 18.335534614683063, 0)', 127.93286204338074)
('(-0.2283, 0.2181, -1.7734, 39.55603866770636, 0)', 128.06492614746094)
('(-0.2056, 0.2223, -1.7831, 38.163489447869146, 0)', 128.19818019866943)
('(-0.1835, 0.2181, -1.7734, 67.957402969323951, 0)', 128.32723116874695)
('(-0.1716, 0.2211, -1.7734, 65.456313763278104, 0)', 128.4502990245819)
('(-0.1627, 0.2151, -1.7734, 70.818371420792303, 0)', 128.5802001953125)
('(-0.1605, 0.2223, -1.7831, 90.0, 0)', 128.69664001464844)
('(-0.1554, 0.2357, -1.7929, 90.0, 0)', 128.8255431652069)
('(-0.151, 0.2291, -1.8129, 124.75872130786577, 0)', 128.95063018798828)
('(-0.1443, 0.2361, -1.8437, 152.4571037609893, 0)', 129.07162308692932)
('(0.0,0.1,0.0,0.0,1)', 129.18935418128967)
('(-0.1197, 0.2623, -1.8974, 165.33268701770581, 0)', 129.3159511089325)
('(-0.0953, 0.2556, -1.9198, 160.35570300862196, 0)', 129.3848171234131)
('(-0.0768, 0.2587, -1.9427, 154.65770588592767, 0)', 129.51416611671448)
('(-0.0345, 0.2569, -1.9543, 150.24561218588718, 0)', 129.64634609222412)
('(0.005, 0.2567, -1.9781, 135.2079692482306, 0)', 129.77856707572937)
('(0.0416, 0.2433, -1.9781, 122.90905298944813, 0)', 129.90111303329468)
('(0.0754, 0.2347, -1.9902, 113.06713201970783, 0)', 130.03019213676453)
('(0.1108, 0.2319, -1.9661, 107.33258722209601, 0)', 130.1544861793518)
('(0.1299, 0.2305, -1.9543, 94.642874873901661, 0)', 130.28064107894897)
('(0.1544, 0.231, -1.9312, 79.211486262571682, 0)', 130.40204906463623)
('(0.1644, 0.2366, -1.8974, 67.423428876234041, 0)', 130.52074098587036)
('(0.1648, 0.2388, -1.8648, 43.802572811974329, 0)', 130.64563417434692)
('(0.1527, 0.241, -1.8333, 28.060742989409587, 0)', 130.7734191417694)
('(0.1282, 0.2357, -1.7929, 10.671108267274644, 0)', 130.90666818618774)
('(0.0851, 0.2331, -1.7734, 349.27282462141739, 0)', 131.0215380191803)
('(0.049, 0.2289, -1.7638, 327.40042907353626, 0)', 131.14392709732056)
('(-0.0073, 0.2205, -1.7449, 311.09472343868742, 0)', 131.2663540840149)
('(-0.054, 0.2164, -1.7356, 298.92065034215159, 0)', 131.38610816001892)
('(-0.116, 0.2058, -1.7449, 287.45781798281473, 0)', 131.5109829902649)
('(-0.1776, 0.1911, -1.7734, 278.06627196194364, 0)', 131.6375391483307)
('(-0.2378, 0.1841, -1.823, 267.57409195954494, 0)', 131.76021313667297)
('(-0.2793, 0.1736, -1.8755, 251.28214811991612, 0)', 131.89218306541443)
('(-0.3201, 0.1624, -1.9312, 238.16179293944762, 0)', 132.01329398155212)
('(-0.3555, 0.1481, -2.0024, 227.61055083157166, 0)', 132.13044619560242)
('(-0.3714, 0.1344, -2.0529, 217.84205803361291, 0)', 132.2511751651764)
('(-0.3906, 0.1245, -2.1197, 210.16182321189279, 0)', 132.37048816680908)
('(-0.4057, 0.116, -2.162, 204.50226298256931, 0)', 132.50040817260742)
('(-0.4111, 0.1131, -2.2517, 200.3490054568405, 0)', 132.61969804763794)
('(-0.4102, 0.0948, -2.2673, 192.57260251276887, 0)', 132.74285697937012)
('(-0.4141, 0.0896, -2.3323, 190.25780560945628, 0)', 132.86408400535583)
('(-0.4112, 0.0915, -2.3835, 186.30765245596797, 0)', 132.99444699287415)
('(0.0,0.1,0.0,0.0,1)', 133.10010504722595)
('(-0.406, 0.0825, -2.4741, 181.42240201367798, 0)', 133.2234160900116)
('(-0.4049, 0.0957, -2.493, 178.68634320438269, 0)', 133.2910599708557)
('(0.0,0.1,0.0,0.0,1)', 133.38927102088928)
('(0.0,0.1,0.0,0.0,1)', 133.49979710578918)
('(0.0,0.1,0.0,0.0,1)', 133.61313104629517)
('(0.0,0.1,0.0,0.0,1)', 133.70460605621338)
('(0.0,0.1,0.0,0.0,1)', 133.81885504722595)
('(0.0,0.1,0.0,0.0,1)', 133.9274890422821)
('(0.0,0.1,0.0,0.0,1)', 134.02502298355103)
('(0.0,0.1,0.0,0.0,1)', 134.12905716896057)
('(0.0,0.1,0.0,0.0,1)', 134.23281812667847)
('(0.0,0.1,0.0,0.0,1)', 134.32653498649597)
('(0.0,0.1,0.0,0.0,1)', 134.4295370578766)
('(0.0,0.1,0.0,0.0,1)', 134.5351951122284)
('(-0.0327, 0.1478, -2.5923, 178.65479914506221, 0)', 134.66242909431458)
('(-0.0193, 0.1455, -2.5516, 124.28221529697764, 0)', 134.73552918434143)
('(0.0,0.1,0.0,0.0,1)', 134.84143805503845)
('(0.0,0.1,0.0,0.0,1)', 134.9440770149231)
('(-0.0513, 0.1513, -2.437, 113.21623301201689, 0)', 135.0679440498352)
('(-0.0712, 0.1543, -2.4189, 84.02883523577178, 0)', 135.13771319389343)
('(-0.1015, 0.1509, -2.3662, 77.480282530263423, 0)', 135.25722813606262)
('(-0.159, 0.1409, -2.3323, 343.07551210944592, 0)', 135.38682413101196)
('(-0.228, 0.136, -2.3157, 327.50176705066099, 0)', 135.50868105888367)
('(-0.2981, 0.132, -2.3157, 304.46859562164855, 0)', 135.62664604187012)
('(-0.3488, 0.1242, -2.3157, 294.45727097449236, 0)', 135.75616216659546)
('(-0.4289, 0.118, -2.3491, 281.54142931335025, 0)', 135.8785891532898)
('(-0.4914, 0.1077, -2.3835, 266.43820367540673, 0)', 135.9962420463562)
('(-0.5434, 0.106, -2.437, 255.5652369375911, 0)', 136.13052201271057)
('(-0.5808, 0.1076, -2.4741, 243.68776398994535, 0)', 136.24120497703552)
('(-0.6029, 0.1101, -2.5318, 235.6763556826958, 0)', 136.3712501525879)
('(0.0,0.1,0.0,0.0,1)', 136.4814851284027)
('(0.0,0.1,0.0,0.0,1)', 136.57961297035217)
('(0.0,0.1,0.0,0.0,1)', 136.67844009399414)
('(0.0,0.1,0.0,0.0,1)', 136.77152109146118)
('(0.0,0.1,0.0,0.0,1)', 136.8726270198822)
('(0.0,0.1,0.0,0.0,1)', 136.97621297836304)
('(0.0,0.1,0.0,0.0,1)', 137.08234405517578)
('(0.0,0.1,0.0,0.0,1)', 137.1906590461731)
('(0.0,0.1,0.0,0.0,1)', 137.29669618606567)
('(0.0,0.1,0.0,0.0,1)', 137.39594507217407)
('(0.0,0.1,0.0,0.0,1)', 137.50378918647766)
('(0.0,0.1,0.0,0.0,1)', 137.60158610343933)
('(0.0,0.1,0.0,0.0,1)', 137.69833612442017)
('(0.0,0.1,0.0,0.0,1)', 137.79462313652039)
('(0.0,0.1,0.0,0.0,1)', 137.89728307724)
('(0.0,0.1,0.0,0.0,1)', 137.9991271495819)
('(0.0,0.1,0.0,0.0,1)', 138.0948450565338)
('(0.0,0.1,0.0,0.0,1)', 138.1991879940033)
('(0.0,0.1,0.0,0.0,1)', 138.30622601509094)
('(0.0,0.1,0.0,0.0,1)', 138.4113781452179)
('(0.0,0.1,0.0,0.0,1)', 138.5225121974945)
('(0.0,0.1,0.0,0.0,1)', 138.63090920448303)
('(0.0,0.1,0.0,0.0,1)', 138.72974109649658)
('(0.0,0.1,0.0,0.0,1)', 138.84201216697693)
('(0.0,0.1,0.0,0.0,1)', 138.9461510181427)
('(0.0,0.1,0.0,0.0,1)', 139.04313397407532)
('(0.0,0.1,0.0,0.0,1)', 139.1347210407257)
('(0.0,0.1,0.0,0.0,1)', 139.22376108169556)
('(0.0,0.1,0.0,0.0,1)', 139.31142210960388)
('(0.0,0.1,0.0,0.0,1)', 139.39744305610657)
('(0.0,0.1,0.0,0.0,1)', 139.4860610961914)
('(0.0,0.1,0.0,0.0,1)', 139.58234000205994)
('(0.0,0.1,0.0,0.0,1)', 139.68128299713135)
