('(0.0,0.1,0.0,0.0,1)', 6.526420831680298)
('(0.0,0.1,0.0,0.0,1)', 6.62466287612915)
('(0.0,0.1,0.0,0.0,1)', 6.7136390209198)
('(0.0,0.1,0.0,0.0,1)', 6.807585954666138)
('(0.0,0.1,0.0,0.0,1)', 6.914499998092651)
('(0.0,0.1,0.0,0.0,1)', 7.0196099281311035)
('(0.0,0.1,0.0,0.0,1)', 7.125841856002808)
('(0.0,0.1,0.0,0.0,1)', 7.2255330085754395)
('(0.0,0.1,0.0,0.0,1)', 7.320451974868774)
('(0.0,0.1,0.0,0.0,1)', 7.4282310009002686)
('(0.0,0.1,0.0,0.0,1)', 7.53220796585083)
('(0.0,0.1,0.0,0.0,1)', 7.64280891418457)
('(0.0,0.1,0.0,0.0,1)', 7.7327799797058105)
('(0.0,0.1,0.0,0.0,1)', 7.827800989151001)
('(0.0,0.1,0.0,0.0,1)', 7.935693025588989)
('(0.5091, 0.3197, -1.0941, 0, 0)', 8.05738091468811)
('(0.5024, 0.3266, -1.1243, 0, 0)', 8.122586011886597)
('(0.5131, 0.3378, -1.2122, 192.50871802571362, 0)', 8.244755029678345)
('(0.4941, 0.3312, -1.2259, 178.06015628686188, 0)', 8.377559900283813)
('(0.4872, 0.3203, -1.2399, 186.49282749408883, 0)', 8.493036985397339)
('(0.4865, 0.3156, -1.2542, 188.54229509555827, 0)', 8.617799997329712)
('(0.4903, 0.3159, -1.264, 186.97839681804541, 0)', 8.732942819595337)
('(0.4903, 0.318, -1.264, 203.75690758371852, 0)', 8.85421085357666)
('(0.4903, 0.3201, -1.264, 185.69570338224409, 0)', 8.971030950546265)
('(0.4924, 0.3223, -1.264, 172.67025228324127, 0)', 9.09918999671936)
('(0.4967, 0.3244, -1.264, 148.9503428133774, 0)', 9.228134870529175)
('(0.4967, 0.3223, -1.264, 90.0, 0)', 9.349854946136475)
('(0.4986, 0.3257, -1.2689, 90.0, 0)', 9.472259998321533)
('(0.4986, 0.3257, -1.2689, 120.55596427550734, 0)', 9.585379838943481)
('(0.5029, 0.3235, -1.2689, 128.32011393677698, 0)', 9.712074041366577)
('(0.5004, 0.3261, -1.2789, 128.32011393677672, 0)', 9.831429958343506)
('(0.5047, 0.3261, -1.2789, 166.05427111635277, 0)', 9.95064091682434)
('(0.5025, 0.3239, -1.2789, 148.61680894364076, 0)', 10.073539972305298)
('(0.4982, 0.3261, -1.2789, 158.69421638217145, 0)', 10.20604681968689)
('(0.4963, 0.3248, -1.2739, 205.17352452453031, 0)', 10.332000017166138)
('(0.4982, 0.3239, -1.2789, 320.6482473737351, 0)', 10.455250978469849)
('(0.5025, 0.3282, -1.2789, 270.0, 0)', 10.57687497138977)
('(0.5027, 0.3334, -1.2739, 0, 0)', 10.69035291671753)
('(0.509, 0.3369, -1.2789, 41.987212495817637, 0)', 10.816104888916016)
('(0.509, 0.3391, -1.2789, 111.48959879859861, 0)', 10.934497833251953)
('(0.507, 0.3377, -1.2739, 90.0, 0)', 11.060978889465332)
('(0.505, 0.3364, -1.2689, 41.987212495817637, 0)', 11.185884952545166)
('(0.5072, 0.3364, -1.2689, 24.702430227770513, 0)', 11.322590827941895)
('(0.5052, 0.3394, -1.264, 349.79602627826819, 0)', 11.439886808395386)
('(0.5073, 0.3415, -1.264, 345.69264287958958, 0)', 11.559957027435303)
('(0.5052, 0.3394, -1.264, 1.7357045889281943, 0)', 11.686937808990479)
('(0.5031, 0.3373, -1.264, 2.3373058591236084, 0)', 11.80830192565918)
('(0.505, 0.3386, -1.2689, 320.07960786001411, 0)', 11.920001983642578)
('(0.5029, 0.3364, -1.2689, 182.3373058591236, 0)', 12.039048910140991)
('(0.5029, 0.3343, -1.2689, 221.92254460057592, 0)', 12.161139011383057)
('(0.505, 0.3343, -1.2689, 205.14478563067908, 0)', 12.289852857589722)
('(0.4967, 0.333, -1.264, 158.80594351845721, 0)', 12.405134916305542)
('(0.4858, 0.3257, -1.2689, 300.55596427550716, 0)', 12.531458854675293)
('(0.5143, 0.2461, -1.3257, 270.0, 0)', 12.65342903137207)
('(0.4452, 0.2441, -1.2689, 168.65127553494506, 0)', 12.769173860549927)
('(0.5689, 0.0484, -1.2591, 270.0, 0)', 12.882452964782715)
('(0.3295, 0.2997, -1.2591, 86.117458874769355, 0)', 13.000470876693726)
('(0.3084, 0.2918, -1.2259, 273.58774514906634, 0)', 13.118468999862671)
('(0.2919, 0.2939, -1.2259, 295.85952895887533, 0)', 13.241605043411255)
('(0.2683, 0.2803, -1.2033, 285.66858296946413, 0)', 13.353555917739868)
('(0.2382, 0.2682, -1.1944, 280.51604638454478, 0)', 13.478034019470215)
('(0.2065, 0.2682, -1.1857, 305.323399956316, 0)', 13.592788934707642)
('(0.1726, 0.2662, -1.1857, 291.52945326013958, 0)', 13.715981006622314)
('(0.1487, 0.2682, -1.1857, 288.62204816633306, 0)', 13.8502938747406)
('(0.1167, 0.2662, -1.1857, 278.37140275982466, 0)', 13.981422901153564)
('(0.0814, 0.2621, -1.1944, 274.09567043481343, 0)', 14.099478960037231)
('(0.0597, 0.26, -1.2033, 266.02180657713285, 0)', 14.222620010375977)
('(0.0496, 0.2689, -1.2542, 261.13946744651372, 0)', 14.342676877975464)
('(0.0313, 0.2687, -1.2839, 235.34695801689409, 0)', 14.460223913192749)
('(0.021, 0.273, -1.315, 221.01197581295349, 0)', 14.583986043930054)
('(0.0169, 0.2786, -1.3421, 206.60304572025746, 0)', 14.69601583480835)
('(0.0242, 0.2845, -1.3704, 197.13753101752374, 0)', 14.810396909713745)
('(0.0298, 0.2944, -1.4181, 192.3302639459931, 0)', 14.931658029556274)
('(0.0429, 0.2998, -1.4562, 180.64038815550265, 0)', 15.050313949584961)
('(0.0649, 0.2974, -1.4562, 171.18371949380736, 0)', 15.171435832977295)
('(0.0936, 0.2953, -1.4827, 157.18430758473335, 0)', 15.284399032592773)
('(0.1196, 0.2954, -1.4963, 148.28445164980212, 0)', 15.394579887390137)
('(0.1611, 0.2868, -1.5315, 131.05013197823607, 0)', 15.506469964981079)
('(0.1938, 0.2791, -1.5461, 122.49941217668666, 0)', 15.630223989486694)
('(0.2362, 0.2699, -1.5684, 124.89345590419384, 0)', 15.756886005401611)
('(0.2625, 0.2671, -1.5837, 121.00509973246352, 0)', 15.870419025421143)
('(0.2989, 0.2629, -1.6071, 121.45064454567581, 0)', 15.98633599281311)
('(0.3194, 0.2451, -1.6151, 118.75010585114359, 0)', 16.10683798789978)
('(0.3628, 0.2433, -1.6395, 118.78276768369162, 0)', 16.22788095474243)
('(0.373, 0.2389, -1.6478, 119.31906196993563, 0)', 16.356802940368652)
('(0.3844, 0.2398, -1.6732, 120.11761292856775, 0)', 16.480998039245605)
('(0.3883, 0.2365, -1.6905, 127.7075885696391, 0)', 16.610644817352295)
('(0.3916, 0.2316, -1.7173, 137.5791475002834, 0)', 16.73117184638977)
('(0.3912, 0.2455, -1.7543, 159.686458042476, 0)', 16.860734939575195)
('(0.3865, 0.2451, -1.7734, 170.30228866486414, 0)', 17.001237869262695)
('(0.3502, 0.2441, -1.8333, 178.79936601847496, 0)', 17.123908042907715)
('(0.3317, 0.2379, -1.8333, 194.93890878106467, 0)', 17.24986696243286)
('(0.3141, 0.237, -1.8755, 207.31089449327789, 0)', 17.37972092628479)
('(0.2778, 0.2348, -1.9085, 212.46201468728879, 0)', 17.504762887954712)
('(0.2454, 0.2277, -1.9312, 218.81977984281073, 0)', 17.63149094581604)
('(0.1978, 0.2159, -1.9427, 226.94962152922585, 0)', 17.759837865829468)
('(0.1581, 0.2032, -1.9781, 230.75022805495044, 0)', 17.883136987686157)
('(0.1115, 0.1898, -1.9781, 236.66738813626853, 0)', 18.002234935760498)
('(0.0653, 0.1707, -1.9902, 247.28967840062572, 0)', 18.13197684288025)
('(0.0151, 0.1539, -1.9902, 251.86142249755213, 0)', 18.245513916015625)
('(-0.0182, 0.1387, -1.9661, 255.42637130034132, 0)', 18.363250017166138)
('(-0.0572, 0.1239, -1.9427, 273.89387692241928, 0)', 18.486840963363647)
('(-0.0894, 0.1068, -1.9312, 281.85099611463039, 0)', 18.607280015945435)
('(-0.1134, 0.0825, -1.8974, 290.87601690955785, 0)', 18.727411031723022)
('(-0.1302, 0.0622, -1.8648, 305.83602495577009, 0)', 18.855332851409912)
('(-0.1435, 0.0456, -1.8333, 312.12821673818291, 0)', 18.975870847702026)
('(-0.1502, 0.0296, -1.8029, 321.73191872340703, 0)', 19.096325874328613)
('(-0.1529, 0.023, -1.7638, 334.64422645361481, 0)', 19.219656944274902)
('(-0.1483, 0.0168, -1.7449, 343.52922861564065, 0)', 19.32902503013611)
('(-0.1322, 0.0254, -1.7264, 351.4154969785443, 0)', 19.434701919555664)
('(-0.117, 0.0253, -1.7173, 6.0341148820018429, 0)', 19.56236481666565)
('(-0.0958, 0.025, -1.6994, 21.198806193834589, 0)', 19.687340021133423)
('(-0.0669, 0.0249, -1.6905, 41.561670874294002, 0)', 19.814743995666504)
('(-0.0357, 0.0193, -1.6994, 56.245008105759361, 0)', 19.935914039611816)
('(0.0099, 0.0105, -1.6818, 74.368765608677862, 0)', 20.04850196838379)
('(0.0408, 0.002, -1.6732, 74.371152146350099, 0)', 20.174803972244263)
('(0.0714, -0.0459, -1.6646, 79.142478266285806, 0)', 20.29516291618347)
('(0.1135, -0.0262, -1.6646, 79.39285198832934, 0)', 20.408413887023926)
('(0.1387, -0.0318, -1.6646, 76.870833679651327, 0)', 20.53296399116516)
('(0.1611, -0.06, -1.6646, 82.393701672351909, 0)', 20.654651880264282)
('(0.1704, -0.0801, -1.6732, 85.910998544963277, 0)', 20.775303840637207)
('(0.1816, -0.1113, -1.6732, 94.964745890749342, 0)', 20.904525995254517)
('(0.1835, -0.1332, -1.6646, 97.197490191093422, 0)', 21.019065856933594)
('(0.1863, -0.1529, -1.6646, 90.0, 0)', 21.136045932769775)
('(0.1872, -0.1681, -1.6478, 90.0, 0)', 21.254315853118896)
('(0.1826, -0.1942, -1.6561, 33.481340655120441, 0)', 21.36777091026306)
('(0.1669, -0.2283, -1.6395, 3.3468186417401902, 0)', 21.486397981643677)
('(0.1539, -0.2517, -1.6478, 326.52116019730431, 0)', 21.609670877456665)
('(0.1373, -0.2824, -1.6478, 297.40757543781859, 0)', 21.724156856536865)
('(0.1129, -0.3063, -1.6561, 270.0, 0)', 21.83531904220581)
('(0.0846, -0.341, -1.6478, 270.0, 0)', 21.950541973114014)
('(0.0627, -0.3763, -1.6561, 264.24116069844445, 0)', 22.06311798095703)
('(0.0546, -0.412, -1.6646, 264.79990665535701, 0)', 22.179900884628296)
('(0.0347, -0.4246, -1.6478, 258.51696902085956, 0)', 22.304993867874146)
('(0.0374, -0.4385, -1.6478, 276.05858296413578, 0)', 22.430384874343872)
('(0.0404, -0.4436, -1.6561, 270.0, 0)', 22.5433669090271)
('(0.0428, -0.4391, -1.6395, 270.0, 0)', 22.670871019363403)
('(0.0455, -0.4447, -1.6395, 334.82086667373432, 0)', 22.79026699066162)
('(0.0488, -0.4408, -1.6561, 52.45705514023539, 0)', 22.90839385986328)
('(0.049, -0.4402, -1.6646, 126.0572460515902, 0)', 23.03184986114502)
('(0.0348, -0.4436, -1.6561, 134.66494078139146, 0)', 23.151041984558105)
('(0.0458, -0.4357, -1.6478, 205.73070560153127, 0)', 23.272884845733643)
('(0.0288, -0.4259, -1.6313, 177.92996934695887, 0)', 23.401948928833008)
('(0.0345, -0.4308, -1.6395, 321.11550356628533, 0)', 23.522357940673828)
('(0.0233, -0.4231, -1.6313, 329.98543581032197, 0)', 23.64273691177368)
('(0.0483, -0.4419, -1.6395, 335.12238880547147, 0)', 23.764235019683838)
('(0.029, -0.428, -1.6395, 16.76255446183281, 0)', 23.885167837142944)
('(0.0508, -0.4369, -1.6313, 178.6028189727036, 0)', 24.006263971328735)
('(0.051, -0.4391, -1.6395, 63.294518271984721, 0)', 24.127338886260986)
('(0.0455, -0.4419, -1.6395, 106.4902751424535, 0)', 24.2537260055542)
('(0.0455, -0.4391, -1.6395, 270.0, 0)', 24.375242948532104)
('(0.0508, -0.4369, -1.6313, 90.0, 0)', 24.495666980743408)
('(0.051, -0.4419, -1.6395, 0, 0)', 24.615036010742188)
('(0.051, -0.4419, -1.6395, 0, 0)', 24.73542594909668)
('(0.0455, -0.4419, -1.6395, 90.0, 0)', 24.85590696334839)
('(0.0455, -0.4419, -1.6395, 0, 0)', 24.971341848373413)
('(0.0455, -0.4419, -1.6395, 212.87626175221067, 0)', 25.089650869369507)
('(0.0455, -0.4419, -1.6395, 270.0, 0)', 25.214618921279907)
('(0.0455, -0.4419, -1.6395, 270.0, 0)', 25.341585874557495)
('(0.0428, -0.4391, -1.6395, 0, 0)', 25.45892095565796)
('(0.0455, -0.4419, -1.6395, 270.0, 0)', 25.585002899169922)
('(0.0483, -0.4419, -1.6395, 0, 0)', 25.70594596862793)
