('(0.0,0.1,0.0,0.0,1)', 7.022745132446289)
('(0.0,0.1,0.0,0.0,1)', 7.127790927886963)
('(0.0,0.1,0.0,0.0,1)', 7.23704195022583)
('(0.0,0.1,0.0,0.0,1)', 7.336507081985474)
('(0.0,0.1,0.0,0.0,1)', 7.4352641105651855)
('(0.0,0.1,0.0,0.0,1)', 7.5395729541778564)
('(0.0,0.1,0.0,0.0,1)', 7.650304079055786)
('(0.0,0.1,0.0,0.0,1)', 7.747071981430054)
('(0.0,0.1,0.0,0.0,1)', 7.851359128952026)
('(0.0,0.1,0.0,0.0,1)', 7.958125114440918)
('(0.0,0.1,0.0,0.0,1)', 8.051017999649048)
('(0.0,0.1,0.0,0.0,1)', 8.150929927825928)
('(0.0,0.1,0.0,0.0,1)', 8.257359981536865)
('(0.0,0.1,0.0,0.0,1)', 8.367501020431519)
('(0.0,0.1,0.0,0.0,1)', 8.473527908325195)
('(0.5153, 0.4012, -1.1361, 0, 0)', 8.59141993522644)
('(0.5144, 0.4073, -1.1645, 0, 0)', 8.669186115264893)
('(0.5394, 0.4226, -1.2447, 181.81510387012167, 0)', 8.783965110778809)
('(0.5371, 0.4223, -1.2689, 167.48795197626546, 0)', 8.910417079925537)
('(0.5391, 0.4083, -1.2789, 170.67766231557579, 0)', 9.024441957473755)
('(0.5391, 0.4034, -1.2839, 170.53767779197435, 0)', 9.138566970825195)
('(0.537, 0.3953, -1.2789, 168.31221761362411, 0)', 9.255690097808838)
('(0.537, 0.3873, -1.2739, 184.01417569541096, 0)', 9.37680697441101)
('(0.5306, 0.3873, -1.2739, 181.14576283817496, 0)', 9.490520000457764)
('(0.5348, 0.3882, -1.2839, 300.46554491945915, 0)', 9.62000298500061)
('(0.5368, 0.3906, -1.2993, 270.0, 0)', 9.738619089126587)
('(0.5368, 0.3884, -1.2993, 180.5617053325665, 0)', 9.856117963790894)
('(0.5346, 0.3862, -1.2993, 180.45113854678723, 0)', 9.978034973144531)
('(0.5326, 0.3832, -1.289, 171.05054191579109, 0)', 10.110800981521606)
('(0.5346, 0.3862, -1.2993, 203.3340412767111, 0)', 10.2306809425354)
('(0.5281, 0.3862, -1.2993, 270.0, 0)', 10.349203109741211)
('(0.5261, 0.3686, -1.2839, 270.0, 0)', 10.470948934555054)
('(0.5304, 0.3657, -1.289, 331.10358373618732, 0)', 10.595058917999268)
('(0.5282, 0.3701, -1.289, 270.0, 0)', 10.720479011535645)
('(0.5281, 0.3803, -1.2941, 328.1448676175508, 0)', 10.850167989730835)
('(0.5258, 0.379, -1.3045, 0, 0)', 10.976154088973999)
('(0.4967, 0.3608, -1.264, 180.83434557554668, 0)', 11.094423055648804)
('(0.4709, 0.345, -1.2689, 306.56949354693063, 0)', 11.224775075912476)
('(0.4994, 0.2805, -1.2494, 289.33012253313314, 0)', 11.345099925994873)
('(0.4493, 0.3784, -1.2447, 327.29717717399831, 0)', 11.467932939529419)
('(0.3719, 0.5128, -1.2591, 308.014716555066, 0)', 11.585917949676514)
('(0.2977, 0.5085, -1.2591, 272.24843900705866, 0)', 11.698162078857422)
('(0.2691, 0.5019, -1.264, 273.23845595297018, 0)', 11.811851024627686)
('(0.239, 0.4778, -1.2739, 266.37255570927528, 0)', 11.932918071746826)
('(0.2115, 0.4682, -1.289, 262.09506474026216, 0)', 12.053354978561401)
('(0.1902, 0.471, -1.3533, 259.4407446045758, 0)', 12.172225952148438)
('(0.1686, 0.4693, -1.382, 228.77259441672217, 0)', 12.287303924560547)
('(0.155, 0.4607, -1.4059, 220.4208676642142, 0)', 12.401102066040039)
('(0.1507, 0.4452, -1.4562, 212.47119229084851, 0)', 12.532848119735718)
('(0.1505, 0.4342, -1.5032, 199.9831065219, 0)', 12.647061109542847)
('(0.1603, 0.4274, -1.5243, 194.83383379888917, 0)', 12.777097940444946)
('(0.1755, 0.4079, -1.5684, 183.33813614756315, 0)', 12.903636932373047)
('(0.2008, 0.3891, -1.6231, 172.80989949183734, 0)', 13.031055927276611)
('(0.2299, 0.3662, -1.6561, 163.29130777298812, 0)', 13.157383918762207)
('(0.2617, 0.3355, -1.6994, 152.55743410975907, 0)', 13.278192043304443)
('(0.2832, 0.3257, -1.7083, 149.9249682913817, 0)', 13.40549612045288)
('(0.3111, 0.3104, -1.7356, 142.40964281786489, 0)', 13.532090902328491)
('(0.3245, 0.2943, -1.7449, 135.56573886185976, 0)', 13.647944927215576)
('(0.3274, 0.2884, -1.7449, 133.18863249102262, 0)', 13.770179033279419)
('(0.3328, 0.2871, -1.7734, 124.70422218888417, 0)', 13.889893054962158)
('(0.3322, 0.2858, -1.8029, 142.69605172201665, 0)', 14.007972955703735)
('(0.328, 0.2813, -1.8129, 162.59266796351963, 0)', 14.125932931900024)
('(0.3149, 0.2923, -1.8437, 177.05355261998767, 0)', 14.253924131393433)
('(0.2934, 0.2862, -1.8648, 187.21064953388301, 0)', 14.359086990356445)
('(0.273, 0.2815, -1.8755, 203.31953129342344, 0)', 14.481305122375488)
('(0.2489, 0.2832, -1.9085, 219.19473163326384, 0)', 14.591876983642578)
('(0.2141, 0.285, -1.9427, 219.60455483897167, 0)', 14.709841012954712)
('(0.1847, 0.2883, -1.9427, 225.5161642297648, 0)', 14.838531970977783)
('(0.1464, 0.2834, -1.9543, 234.37267311296239, 0)', 14.951956033706665)
('(0.1135, 0.2834, -1.9543, 238.1005087858903, 0)', 15.060791969299316)
('(0.0744, 0.2851, -1.9661, 251.31153168330604, 0)', 15.184613943099976)
('(0.048, 0.2818, -1.9661, 260.49112830632589, 0)', 15.29800295829773)
('(0.0114, 0.2751, -1.9427, 260.28638212476551, 0)', 15.409249067306519)
('(-0.0114, 0.2735, -1.9312, 274.91112988785426, 0)', 15.521950960159302)
('(-0.0401, 0.267, -1.9085, 280.47833502517443, 0)', 15.634275913238525)
('(-0.0556, 0.264, -1.8864, 296.70499174200177, 0)', 15.754235982894897)
('(-0.076, 0.2642, -1.8437, 307.57126465591352, 0)', 15.868603944778442)
('(-0.087, 0.2567, -1.8129, 318.56102488183785, 0)', 15.987534999847412)
('(-0.1054, 0.2438, -1.7638, 327.41925568297501, 0)', 16.10297703742981)
('(-0.109, 0.2357, -1.7264, 335.7113665226999, 0)', 16.22988510131836)
('(-0.1169, 0.2256, -1.6732, 341.54356794617138, 0)', 16.35257911682129)
('(-0.1167, 0.2172, -1.6313, 346.51062176027409, 0)', 16.478811979293823)
('(-0.1133, 0.2082, -1.5837, 350.71171964955022, 0)', 16.59650707244873)
('(-0.1018, 0.2091, -1.5315, 357.4883582045299, 0)', 16.71416401863098)
('(-0.0898, 0.2078, -1.5032, 2.1156598486643836, 0)', 16.839524030685425)
('(-0.0674, 0.2013, -1.4562, 9.0574117792398567, 0)', 16.95757007598877)
('(-0.0445, 0.1953, -1.4306, 15.724745722747421, 0)', 17.082212924957275)
('(-0.0225, 0.192, -1.4059, 24.198172903684895, 0)', 17.202599048614502)
('(0.0174, 0.177, -1.382, 32.267061963007116, 0)', 17.321388006210327)
('(0.054, 0.1632, -1.3646, 41.492388040487093, 0)', 17.441416025161743)
('(0.07, 0.1471, -1.3646, 52.964333859652918, 0)', 17.562446117401123)
('(0.1248, 0.1373, -1.3366, 60.040025280803697, 0)', 17.681689977645874)
('(0.1586, 0.1237, -1.3366, 64.80449634268868, 0)', 17.804240942001343)
('(0.196, 0.1097, -1.3312, 72.175857242980143, 0)', 17.932153940200806)
('(0.2418, 0.0898, -1.3366, 76.763978104862616, 0)', 18.05284094810486)
('(0.2902, 0.0674, -1.3421, 80.743309665175076, 0)', 18.166177988052368)
('(0.3158, 0.0593, -1.3646, 91.904538781913075, 0)', 18.285006999969482)
('(0.3384, 0.0624, -1.382, 100.09944011769772, 0)', 18.411297082901)
('(0.3515, 0.0369, -1.3879, 109.63343047304048, 0)', 18.53365707397461)
('(0.0,0.1,0.0,0.0,1)', 18.6300151348114)
('(0.0,0.1,0.0,0.0,1)', 18.732693910598755)
('(0.0,0.1,0.0,0.0,1)', 18.84154200553894)
('(0.0,0.1,0.0,0.0,1)', 18.939043045043945)
('(0.0,0.1,0.0,0.0,1)', 19.04049301147461)
('(0.0,0.1,0.0,0.0,1)', 19.144123077392578)
('(0.4057, 0.0019, -1.5914, 115.06262490968415, 0)', 19.258538961410522)
('(0.4056, -0.0008, -1.6231, 155.1418411249895, 0)', 19.32231092453003)
('(0.402, -0.0093, -1.6646, 160.84334660423698, 0)', 19.444875955581665)
('(0.3875, -0.0095, -1.6994, 167.31672190479208, 0)', 19.5587739944458)
('(0.3656, -0.0156, -1.7449, 173.40758334917038, 0)', 19.684648036956787)
('(0.3334, -0.0312, -1.7929, 194.64062539018997, 0)', 19.79929804801941)
('(0.3087, -0.0415, -1.8437, 203.03549451376577, 0)', 19.931782007217407)
('(0.2762, -0.0555, -1.8974, 207.51672078525664, 0)', 20.05094289779663)
('(0.2439, -0.0692, -1.9198, 209.34126436287005, 0)', 20.17473006248474)
('(0.2056, -0.077, -1.9543, 214.83120736755919, 0)', 20.290775060653687)
('(0.1681, -0.1114, -1.9781, 218.37294056712756, 0)', 20.409471035003662)
('(0.1196, -0.1196, -2.0024, 226.29154059335158, 0)', 20.536777019500732)
('(0.0792, -0.1264, -2.0024, 236.1582229092914, 0)', 20.659920930862427)
('(0.0461, -0.1451, -2.0274, 243.36541514405718, 0)', 20.790374040603638)
('(0.0051, -0.1749, -2.0148, 245.37767214264841, 0)', 20.9118390083313)
('(-0.0186, -0.1987, -2.0148, 257.31125252717106, 0)', 21.042179107666016)
('(-0.0522, -0.2212, -2.0024, 264.87286350757483, 0)', 21.16077709197998)
('(-0.0754, -0.2502, -1.9902, 270.0, 0)', 21.27975106239319)
('(-0.0882, -0.2654, -1.9781, 287.02316536178353, 0)', 21.401197910308838)
('(-0.0899, -0.2804, -1.9427, 291.47243196344192, 0)', 21.520982027053833)
('(-0.0894, -0.3016, -1.9312, 315.31963841070223, 0)', 21.640762090682983)
('(-0.0829, -0.3114, -1.9312, 332.4141966153087, 0)', 21.759416103363037)
('(-0.0687, -0.3059, -1.8974, 352.75549314755881, 0)', 21.876686096191406)
('(-0.0527, -0.3059, -1.8974, 13.584314176438694, 0)', 21.9848370552063)
('(-0.027, -0.3042, -1.8864, 39.392568039308159, 0)', 22.11917996406555)
('(-0.0079, -0.3024, -1.8755, 54.323591778138045, 0)', 22.241607904434204)
('(0.0203, -0.299, -1.8542, 53.399958451070319, 0)', 22.354918003082275)
('(0.0509, -0.3049, -1.8333, 64.108376340441026, 0)', 22.463923931121826)
('(0.0717, -0.2954, -1.8129, 58.253849386068758, 0)', 22.571738958358765)
('(0.0865, -0.2968, -1.8029, 53.325650330426797, 0)', 22.686583042144775)
('(0.1119, -0.2829, -1.7734, 52.437274833686622, 0)', 22.801372051239014)
('(0.1262, -0.2754, -1.7638, 48.584610523937791, 0)', 22.917755126953125)
('(0.1358, -0.2564, -1.7356, 47.293770491612868, 0)', 23.042449951171875)
('(0.1517, -0.2478, -1.7173, 39.666769908896939, 0)', 23.16638207435608)
('(0.1559, -0.2395, -1.6994, 37.295880722487212, 0)', 23.285367012023926)
('(0.1571, -0.2313, -1.6818, 30.735487701920086, 0)', 23.405303955078125)
('(0.1514, -0.2456, -1.6818, 20.647877564369054, 0)', 23.518656015396118)
('(0.1478, -0.25, -1.6732, 16.170194274698567, 0)', 23.644912004470825)
('(0.1429, -0.2598, -1.6818, 354.9461739499356, 0)', 23.76525592803955)
('(0.1118, -0.2826, -1.6818, 323.54907682041875, 0)', 23.877624988555908)
('(0.092, -0.2996, -1.6818, 270.0, 0)', 24.005818128585815)
('(0.0583, -0.3269, -1.6905, 270.0, 0)', 24.124682903289795)
('(0.0302, -0.3361, -1.7083, 259.05987163894491, 0)', 24.247605085372925)
('(0.0101, -0.3679, -1.7083, 256.767981362684, 0)', 24.36475706100464)
('(-0.0073, -0.4332, -1.7264, 255.39518103102711, 0)', 24.479031085968018)
('(0.0,0.1,0.0,0.0,1)', 24.587233066558838)
('(-0.0217, -0.428, -1.7173, 245.81305337883302, 0)', 24.705672025680542)
('(-0.0131, -0.4332, -1.7264, 251.47915052252878, 0)', 24.761850118637085)
('(0.0,0.1,0.0,0.0,1)', 24.86372208595276)
('(-0.0102, -0.4303, -1.7264, 247.3143966024268, 0)', 24.988420009613037)
('(-0.0159, -0.4309, -1.7173, 228.27898625885442, 0)', 25.061902046203613)
('(-0.0158, -0.4257, -1.7083, 316.61809453273708, 0)', 25.181680917739868)
('(-0.0129, -0.4286, -1.7083, 33.2470677493355, 0)', 25.293817043304443)
('(-0.0014, -0.4235, -1.6994, 0.63307677143113295, 0)', 25.421061992645264)
('(-0.0043, -0.4257, -1.7083, 18.052131939240223, 0)', 25.55402398109436)
('(-0.0043, -0.4185, -1.6905, 52.193470055295165, 0)', 25.674036979675293)
('(-0.0455, -0.4142, -1.7449, 32.865185288279513, 0)', 25.787472009658813)
('(-0.0014, -0.4235, -1.6994, 221.69178646612798, 0)', 25.910172939300537)
('(-0.0014, -0.4286, -1.7083, 0, 0)', 26.017570972442627)
('(-0.0072, -0.4286, -1.7083, 90.0, 0)', 26.14179491996765)
('(0.0043, -0.4286, -1.7083, 189.25340506823139, 0)', 26.255285024642944)
('(0.0014, -0.4286, -1.7083, 53.686354581236678, 0)', 26.38204598426819)
('(0.0014, -0.4286, -1.7083, 162.53607310815698, 0)', 26.50260591506958)
('(-0.0043, -0.4257, -1.7083, 90.0, 0)', 26.615586042404175)
('(0.0043, -0.4309, -1.7173, 90.0, 0)', 26.726120948791504)
('(0.0014, -0.4286, -1.7083, 180.0, 0)', 26.84729504585266)
('(0.0014, -0.4286, -1.7083, 0, 0)', 26.974195957183838)
('(0.0014, -0.4286, -1.7083, 0, 0)', 27.091213941574097)
