((0.0, 0.1, 0.0, 0.0, 1), 0.7340099811553955)
((0.0, 0.1, 0.0, 0.0, 1), 0.7736799716949463)
((0.0, 0.1, 0.0, 0.0, 1), 0.8123819828033447)
((0.0, 0.1, 0.0, 0.0, 1), 0.8506700992584229)
((0.0, 0.1, 0.0, 0.0, 1), 0.8877229690551758)
((0.0, 0.1, 0.0, 0.0, 1), 0.9246461391448975)
((0.0, 0.1, 0.0, 0.0, 1), 0.9614601135253906)
((0.0, 0.1, 0.0, 0.0, 1), 0.9986550807952881)
((0.0, 0.1, 0.0, 0.0, 1), 1.0400569438934326)
((0.0, 0.1, 0.0, 0.0, 1), 1.0775809288024902)
((0.0, 0.1, 0.0, 0.0, 1), 1.116236925125122)
((0.0, 0.1, 0.0, 0.0, 1), 1.1518769264221191)
((0.0, 0.1, 0.0, 0.0, 1), 1.1887760162353516)
((0.0, 0.1, 0.0, 0.0, 1), 1.2277140617370605)
((0.0, 0.1, 0.0, 0.0, 1), 1.263314962387085)
((0.0, 0.1, 0.0, 0.0, 1), 1.3047080039978027)
((0.0, 0.1, 0.0, 0.0, 1), 1.353403091430664)
((0.0, 0.1, 0.0, 0.0, 1), 1.3990099430084229)
((0.0, 0.1, 0.0, 0.0, 1), 1.4467039108276367)
((0.0, 0.1, 0.0, 0.0, 1), 1.4874660968780518)
((0.0, 0.1, 0.0, 0.0, 1), 1.5294599533081055)
((0.0, 0.1, 0.0, 0.0, 1), 1.5708560943603516)
((0.0, 0.1, 0.0, 0.0, 1), 1.624920129776001)
((0.0, 0.1, 0.0, 0.0, 1), 1.6644160747528076)
((0.0, 0.1, 0.0, 0.0, 1), 1.7039010524749756)
((0.0, 0.1, 0.0, 0.0, 1), 1.742185115814209)
((0.0, 0.1, 0.0, 0.0, 1), 1.7858259677886963)
((0.0, 0.1, 0.0, 0.0, 1), 1.8253319263458252)
((0.0, 0.1, 0.0, 0.0, 1), 1.870887041091919)
((0.0, 0.1, 0.0, 0.0, 1), 1.9051949977874756)
((0.0, 0.1, 0.0, 0.0, 1), 1.9422640800476074)
((0.0, 0.1, 0.0, 0.0, 1), 1.9780700206756592)
((0.0, 0.1, 0.0, 0.0, 1), 2.0144739151000977)
((0.0, 0.1, 0.0, 0.0, 1), 2.0541019439697266)
((0.0, 0.1, 0.0, 0.0, 1), 2.1001079082489014)
((0.0, 0.1, 0.0, 0.0, 1), 2.137094020843506)
((0.0, 0.1, 0.0, 0.0, 1), 2.1715641021728516)
((0.0, 0.1, 0.0, 0.0, 1), 2.2093091011047363)
((0.0, 0.1, 0.0, 0.0, 1), 2.245445966720581)
((0.0, 0.1, 0.0, 0.0, 1), 2.2823829650878906)
((0.0, 0.1, 0.0, 0.0, 1), 2.3234519958496094)
((0.0, 0.1, 0.0, 0.0, 1), 2.3588531017303467)
((0.0, 0.1, 0.0, 0.0, 1), 2.3915340900421143)
((0.0, 0.1, 0.0, 0.0, 1), 2.42997407913208)
((0.0, 0.1, 0.0, 0.0, 1), 2.47900390625)
((0.0, 0.1, 0.0, 0.0, 1), 2.5169451236724854)
((0.0, 0.1, 0.0, 0.0, 1), 2.563616991043091)
((0.0, 0.1, 0.0, 0.0, 1), 2.6090259552001953)
((0.0, 0.1, 0.0, 0.0, 1), 2.650521993637085)
((0.0, 0.1, 0.0, 0.0, 1), 2.6860921382904053)
((0.0, 0.1, 0.0, 0.0, 1), 2.724777936935425)
((0.0, 0.1, 0.0, 0.0, 1), 2.768136978149414)
((0.0, 0.1, 0.0, 0.0, 1), 2.806342124938965)
((0.0, 0.1, 0.0, 0.0, 1), 2.8529720306396484)
((0.0, 0.1, 0.0, 0.0, 1), 2.8903279304504395)
((0.0, 0.1, 0.0, 0.0, 1), 2.926892042160034)
((0.6965, 0.22, -1.4497, 0, 0), 2.988394021987915)
((0.6947, 0.2309, -1.4562, 0, 0), 3.046410083770752)
((0.7024, 0.2476, -1.4827, 195.47863816541869, 0), 3.1070380210876465)
((0.7006, 0.2513, -1.4895, 169.86331035222187, 0), 3.168429136276245)
((0.7086, 0.2585, -1.5172, 174.11841772720859, 0), 3.22998309135437)
((0.7134, 0.2596, -1.5387, 169.8371409555543, 0), 3.2918059825897217)
((0.7116, 0.2582, -1.5461, 169.24824646306138, 0), 3.360991954803467)
((0.7132, 0.2633, -1.5609, 171.0975850249975, 0), 3.4334449768066406)
((0.7166, 0.2619, -1.5684, 171.45915642005548, 0), 3.495723009109497)
((0.7174, 0.2632, -1.576, 170.38902049742572, 0), 3.5565059185028076)
((0.7209, 0.2591, -1.5837, 170.60389864544928, 0), 3.619374990463257)
((0.7183, 0.2618, -1.5837, 168.38792292841799, 0), 3.6813149452209473)
((0.7191, 0.2604, -1.5914, 171.05359304136138, 0), 3.74031400680542)
((0.7226, 0.2589, -1.5992, 169.70999827902679, 0), 3.797801971435547)
((0.7172, 0.2616, -1.5992, 170.31121343963318, 0), 3.863887071609497)
((0.7208, 0.2629, -1.6071, 176.40597810359102, 0), 3.9254510402679443)
((0.7208, 0.2602, -1.6071, 171.4233096006619, 0), 3.9861650466918945)
((0.7111, 0.2577, -1.5914, 170.65838501405341, 0), 4.046608924865723)
((0.7038, 0.2535, -1.5992, 193.44861505168672, 0), 4.108264923095703)
((0.7011, 0.2481, -1.5992, 210.37912601136858, 0), 4.17110800743103)
((0.7038, 0.2346, -1.5992, 231.9451557553258, 0), 4.234652042388916)
((0.6934, 0.2006, -1.5461, 223.09084756700403, 0), 4.295619010925293)
((0.6098, 0.2804, -1.5387, 330.43250445059005, 0), 4.354927062988281)
((0.599, 0.2778, -1.5243, 298.20677367320076, 0), 4.4167680740356445)
((0.596, 0.2777, -1.5102, 302.36127999580538, 0), 4.478908061981201)
((0.5934, 0.2777, -1.5102, 307.82727693480155, 0), 4.539201974868774)
((0.5905, 0.2752, -1.4963, 307.25649331503189, 0), 4.594136953353882)
((0.5901, 0.2727, -1.4827, 308.25780053478007, 0), 4.6516101360321045)
((0.5897, 0.2702, -1.4693, 315.69687346537597, 0), 4.707437992095947)
((0.5896, 0.2665, -1.4627, 319.38417894863551, 0), 4.786628007888794)
((0.589, 0.2679, -1.4433, 320.08313508750354, 0), 4.8434131145477295)
((0.5937, 0.2716, -1.4369, 314.55757034196051, 0), 4.902790069580078)
((0.5907, 0.2752, -1.4181, 351.01292299965638, 0), 4.964746952056885)
((0.5952, 0.2716, -1.412, 355.53116520693777, 0), 5.026550054550171)
((0.5925, 0.2811, -1.3998, 359.53324226449553, 0), 5.088283061981201)
((0.5873, 0.2776, -1.382, 359.53292518768581, 0), 5.147731065750122)
((0.5919, 0.2822, -1.382, 358.39633758195237, 0), 5.208334922790527)
((0.5869, 0.2775, -1.3704, 1.0240458911941226, 0), 5.27195405960083)
((0.5843, 0.2775, -1.3589, 358.37830798577744, 0), 5.336933135986328)
((0.5796, 0.2787, -1.3533, 357.07703134334838, 0), 5.408585071563721)
((0.5681, 0.2854, -1.3421, 354.03739274321333, 0), 5.472532033920288)
((0.55, 0.2956, -1.3366, 344.88817162221341, 0), 5.546696901321411)
((0.5095, 0.3046, -1.3366, 333.46307635110577, 0), 5.618721008300781)
((0.476, 0.3236, -1.3312, 311.34174814760757, 0), 5.678873062133789)
((0.4518, 0.3111, -1.3257, 300.49132963004462, 0), 5.750680923461914)
((0.4166, 0.3054, -1.3204, 292.56279446569573, 0), 5.810288906097412)
((0.3811, 0.321, -1.3204, 289.36135302978136, 0), 5.879580974578857)
((0.3375, 0.313, -1.315, 283.65567700648569, 0), 5.947129964828491)
((0.3043, 0.3108, -1.315, 280.08609892645154, 0), 6.0077290534973145)
((0.2866, 0.313, -1.315, 277.92020728593491, 0), 6.067692995071411)
((0.2678, 0.3009, -1.3204, 275.49891763424142, 0), 6.129324913024902)
((0.1931, 0.315, -1.3421, 273.28552102542136, 0), 6.18859601020813)
((0.1766, 0.3069, -1.3366, 269.0041243603805, 0), 6.246876001358032)
((0.1479, 0.3059, -1.3421, 268.96672121924894, 0), 6.306984901428223)
((0.1349, 0.3094, -1.3477, 266.9110226603604, 0), 6.362560033798218)
((0.11, 0.314, -1.3477, 264.46465972865707, 0), 6.419939041137695)
((0.088, 0.3143, -1.3589, 264.24965155314618, 0), 6.4826579093933105)
((0.072, 0.3143, -1.3589, 260.02084364690205, 0), 6.562779903411865)
((0.054, 0.3202, -1.3646, 259.29846176352709, 0), 6.626442909240723)
((0.0475, 0.316, -1.3762, 257.96245118846645, 0), 6.685117959976196)
((0.0407, 0.3196, -1.382, 255.78642757790766, 0), 6.747040033340454)
((0.0339, 0.3257, -1.3879, 255.32863302855438, 0), 6.805644989013672)
((0.0317, 0.3271, -1.3938, 250.22671989194157, 0), 6.867233991622925)
((0.0318, 0.3285, -1.3998, 246.01464028597189, 0), 6.937707901000977)
((0.0319, 0.3299, -1.4059, 243.19094968833591, 0), 6.997512102127075)
((0.0368, 0.3337, -1.412, 233.30657750300881, 0), 7.057897090911865)
((0.0418, 0.34, -1.4181, 223.95637639873252, 0), 7.119005918502808)
((0.0491, 0.3391, -1.4243, 207.02772574594971, 0), 7.175370931625366)
((0.0515, 0.3415, -1.4243, 184.69215108376497, 0), 7.234395980834961)
((0.0614, 0.3381, -1.4306, 175.24621649560342, 0), 7.295686960220337)
((0.0662, 0.3381, -1.4306, 156.92958775017541, 0), 7.365375995635986)
((0.0731, 0.3342, -1.4243, 142.89467089076265, 0), 7.4267051219940186)
((0.0796, 0.3266, -1.412, 126.37963067382996, 0), 7.487328052520752)
((0.0844, 0.3266, -1.412, 104.31793136312794, 0), 7.555202960968018)
((0.086, 0.319, -1.3998, 96.627506242816139, 0), 7.612025022506714)
((0.0895, 0.3173, -1.382, 76.073413392468979, 0), 7.672307968139648)
((0.0895, 0.3173, -1.382, 52.881075124652462, 0), 7.732332944869995)
((0.0884, 0.3133, -1.3646, 43.683883512629635, 0), 7.790488004684448)
((0.0851, 0.3117, -1.3477, 31.719815307824266, 0), 7.852015972137451)
((0.0844, 0.3046, -1.3366, 15.954523793073262, 0), 7.909570932388306)
((0.0821, 0.3046, -1.3366, 10.957853049552702, 0), 7.970094919204712)
((0.0789, 0.3009, -1.3204, 5.8593290256077237, 0), 8.035535097122192)
((0.0786, 0.2997, -1.315, 359.56215867958633, 0), 8.102729082107544)
((0.0754, 0.2983, -1.2993, 356.57814096900097, 0), 8.179315090179443)
((0.0733, 0.2961, -1.2993, 353.97912357507016, 0), 8.240998983383179)
((0.0727, 0.2959, -1.289, 348.91674268771396, 0), 8.305643081665039)
((0.0699, 0.298, -1.2789, 349.76022537095986, 0), 8.36753511428833)
((0.0697, 0.2989, -1.2739, 347.81852110514103, 0), 8.424500942230225)
((0.0715, 0.2978, -1.2689, 348.21311055585932, 0), 8.493571043014526)
((0.0689, 0.304, -1.2591, 349.21181319064516, 0), 8.548296928405762)
((0.0686, 0.3092, -1.2542, 350.33399227367789, 0), 8.607151985168457)
((0.0662, 0.3122, -1.2494, 351.15630756692667, 0), 8.672508001327515)
((0.0613, 0.317, -1.2352, 349.29599325072201, 0), 8.728699922561646)
((0.0567, 0.3229, -1.2259, 347.59428665338243, 0), 8.79253602027893)
((0.0504, 0.3341, -1.2213, 347.25647864226585, 0), 8.85124397277832)
((0.0437, 0.3427, -1.2077, 341.76840712712993, 0), 8.908967018127441)
((0.0373, 0.3422, -1.1988, 339.79751881773166, 0), 8.965169906616211)
((0.0289, 0.3505, -1.1857, 336.66343629138652, 0), 9.023589134216309)
((0.0089, 0.3546, -1.1729, 332.88668058661779, 0), 9.081604957580566)
((-0.001, 0.356, -1.1645, 325.15993393062524, 0), 9.141967058181763)
((-0.0222, 0.3627, -1.1481, 322.19140772070875, 0), 9.202868938446045)
((-0.0429, 0.3634, -1.1321, 318.89024466142638, 0), 9.273157119750977)
((-0.0684, 0.3647, -1.1128, 314.69597315031899, 0), 9.332556962966919)
((-0.0915, 0.3691, -1.0978, 312.11600088815948, 0), 9.40599799156189)
((-0.118, 0.3709, -1.0868, 311.03406892708693, 0), 9.470720052719116)
((-0.1385, 0.3654, -1.076, 306.78476282066384, 0), 9.541985988616943)
((-0.1633, 0.3587, -1.0725, 304.93510967833282, 0), 9.609412908554077)
((-0.1832, 0.3516, -1.062, 300.49680142198076, 0), 9.667019128799438)
((-0.2046, 0.3391, -1.062, 299.99798967571161, 0), 9.729382991790771)
((-0.2207, 0.3265, -1.062, 296.72242588689915, 0), 9.793653011322021)
((-0.2348, 0.3105, -1.069, 293.44894066970971, 0), 9.860657930374146)
((-0.2474, 0.2925, -1.069, 288.20174875382895, 0), 9.920313119888306)
((-0.2617, 0.2707, -1.076, 283.74969155050707, 0), 9.979458093643188)
((-0.2662, 0.2625, -1.0796, 277.29896570165795, 0), 10.041306018829346)
((-0.2734, 0.2367, -1.0868, 272.78141366927531, 0), 10.102819919586182)
((-0.279, 0.216, -1.0941, 265.42270254143403, 0), 10.163886070251465)
((-0.2827, 0.197, -1.1015, 259.42520049196139, 0), 10.22569990158081)
((-0.2846, 0.1777, -1.109, 248.34766852809116, 0), 10.289012908935547)
((-0.2856, 0.1614, -1.1128, 239.56576424655665, 0), 10.349622964859009)
((-0.2847, 0.1544, -1.1166, 231.94819690323013, 0), 10.417011976242065)
((-0.2829, 0.1383, -1.1243, 226.35134212152002, 0), 10.472438097000122)
((-0.2781, 0.1245, -1.1205, 212.69855530183898, 0), 10.534987926483154)
((-0.2763, 0.114, -1.1282, 200.23082587699818, 0), 10.606143951416016)
((-0.2706, 0.1025, -1.1282, 191.7400388992142, 0), 10.67520809173584)
((-0.263, 0.0949, -1.1282, 176.13081542363463, 0), 10.742253065109253)
((-0.2544, 0.0895, -1.1321, 154.8636447649902, 0), 10.809629917144775)
((-0.244, 0.0815, -1.1282, 137.23622024929469, 0), 10.885968923568726)
((-0.2326, 0.0777, -1.1282, 115.30976685162636, 0), 10.945775985717773)
((-0.2193, 0.0701, -1.1282, 106.2020701498313, 0), 11.008023023605347)
((-0.206, 0.0662, -1.1282, 100.05794994358862, 0), 11.070418119430542)
((-0.1921, 0.0603, -1.1243, 92.903280345621582, 0), 11.12945008277893)
((-0.1826, 0.0546, -1.1243, 92.530028286806427, 0), 11.192593097686768)
((-0.1701, 0.0542, -1.1166, 87.616599396586707, 0), 11.25236701965332)
((-0.1625, 0.0523, -1.1166, 83.415891443489301, 0), 11.317001104354858)
((-0.1428, 0.0539, -1.109, 83.415891443489301, 0), 11.381287097930908)
((-0.1395, 0.0522, -1.1128, 78.305537866395198, 0), 11.439942121505737)
((-0.1278, 0.052, -1.109, 81.61675151907059, 0), 11.503670930862427)
((-0.1159, 0.0535, -1.1015, 79.618194840761731, 0), 11.572407007217407)
((-0.1047, 0.0554, -1.1015, 75.521326874033988, 0), 11.635154962539673)
((-0.093, 0.0568, -1.0941, 75.234166917050629, 0), 11.701462030410767)
((-0.0777, 0.062, -1.0868, 73.05178343911814, 0), 11.758888006210327)
((-0.0665, 0.0636, -1.0832, 70.328877536725869, 0), 11.81643295288086)
((-0.0629, 0.0673, -1.0832, 72.130999215129847, 0), 11.875654935836792)
((-0.0498, 0.0686, -1.076, 71.461567040032506, 0), 11.939060926437378)
((-0.0388, 0.0702, -1.0725, 70.463345061871664, 0), 12.000494956970215)
((-0.0242, 0.0788, -1.0655, 68.188781272259178, 0), 12.064172983169556)
((-0.0116, 0.0821, -1.062, 67.223235931551059, 0), 12.12568712234497)
((0.0027, 0.0872, -1.0585, 69.257559261587232, 0), 12.1855149269104)
((0.0115, 0.092, -1.0517, 68.18019700560815, 0), 12.24697208404541)
((0.0256, 0.097, -1.0483, 67.915557514481023, 0), 12.307946920394897)
((0.0394, 0.1034, -1.0416, 69.5595316287218, 0), 12.373074054718018)
((0.0566, 0.1098, -1.035, 68.553937617603637, 0), 12.43399691581726)
((0.0682, 0.1157, -1.0252, 68.033449655156133, 0), 12.494132995605469)
((0.0849, 0.1219, -1.0188, 66.707712465193694, 0), 12.576317071914673)
((0.0994, 0.1241, -1.0093, 66.533622009102302, 0), 12.648430109024048)
((0.1184, 0.1314, -1.0125, 65.549060484824395, 0), 12.72002100944519)
((0.1301, 0.1395, -0.9849, 69.154706352460096, 0), 12.776303052902222)
((0.1343, 0.1486, -0.979, 59.98462976222487, 0), 12.832974910736084)
((0.1417, 0.1625, -0.9731, 59.373638101387868, 0), 12.913419961929321)
((0.1448, 0.1769, -0.9616, 57.068164014775498, 0), 12.975024938583374)
((0.1543, 0.1877, -0.9504, 52.801018968435017, 0), 13.038089990615845)
((0.1652, 0.1966, -0.9394, 49.110185194429981, 0), 13.100155115127563)
((0.1769, 0.2017, -0.9261, 48.506080729603447, 0), 13.16117000579834)
((0.1934, 0.2164, -0.9157, 44.782854068034283, 0), 13.223432064056396)
((0.2019, 0.2263, -0.9055, 45.122165656047173, 0), 13.28373908996582)
((0.1982, 0.2314, -0.8955, 37.967545411467086, 0), 13.347479104995728)
((0.1951, 0.237, -0.8882, 37.298154973704577, 0), 13.418009042739868)
((0.1925, 0.2506, -0.8834, 33.806403974252795, 0), 13.47352409362793)
((0.1836, 0.2641, -0.8834, 29.524275366951379, 0), 13.529258966445923)
((0.1796, 0.2738, -0.8858, 26.388937655348403, 0), 13.59657597541809)
((0.1708, 0.2865, -0.8786, 21.387341200737097, 0), 13.65687108039856)
((0.1598, 0.2985, -0.8834, 5.2623953995951158, 0), 13.712199926376343)
((0.1556, 0.3035, -0.8762, 338.17545939681321, 0), 13.780102968215942)
((0.1379, 0.305, -0.8762, 316.25985933365843, 0), 13.849108934402466)
((0.1213, 0.3101, -0.8955, 294.59889889756715, 0), 13.911972045898438)
((0.1001, 0.2977, -0.881, 270.0, 0), 13.971787929534912)
((0.0776, 0.292, -0.8955, 274.33413116617277, 0), 14.031059980392456)
((0.0639, 0.3016, -0.9157, 263.98839830203195, 0), 14.096472978591919)
((0.0477, 0.2996, -0.9287, 254.89890183861459, 0), 14.158299922943115)
((0.0327, 0.2977, -0.9476, 251.9830704231361, 0), 14.21691608428955)
((0.0282, 0.298, -0.9588, 243.45154667283813, 0), 14.278263092041016)
((0.014, 0.2943, -0.979, 240.18952003093688, 0), 14.343101978302002)
((-0.0025, 0.2913, -0.997, 234.0207743174395, 0), 14.41169810295105)
((-0.0129, 0.29, -1.022, 229.29133461253949, 0), 14.473680973052979)
((-0.0289, 0.2832, -1.0416, 226.69178856826449, 0), 14.548306941986084)
((-0.0331, 0.2816, -1.062, 218.77274899236926, 0), 14.616259098052979)
((-0.0409, 0.2771, -1.0796, 213.61853725164019, 0), 14.671109914779663)
((-0.0434, 0.2762, -1.0978, 212.59542895295979, 0), 14.729248046875)
((-0.0459, 0.2706, -1.1128, 208.31287758095522, 0), 14.796009063720703)
((-0.0408, 0.2686, -1.1282, 205.44449422326849, 0), 14.860234022140503)
((-0.0373, 0.2608, -1.1361, 202.16204820886571, 0), 14.918262004852295)
((-0.0337, 0.2607, -1.1441, 198.08411797134863, 0), 14.97642207145691)
((-0.0204, 0.2606, -1.1522, 191.97500295143806, 0), 15.037934064865112)
((-0.0146, 0.2586, -1.1604, 183.29680488042678, 0), 15.10550308227539)
((-0.0029, 0.2555, -1.1645, 173.13630808537295, 0), 15.163339138031006)
((0.0108, 0.2584, -1.1687, 163.58322639547222, 0), 15.228074073791504)
((0.0186, 0.2575, -1.1645, 149.87568200163884, 0), 15.290282964706421)
((0.0284, 0.2575, -1.1645, 137.09145724448183, 0), 15.346451044082642)
((0.0284, 0.2555, -1.1645, 124.83126678156695, 0), 15.406732082366943)
((0.0304, 0.2595, -1.1645, 117.67999714514599, 0), 15.477474927902222)
((0.0344, 0.2644, -1.1687, 112.75794126590819, 0), 15.545382022857666)
((0.0285, 0.2683, -1.1687, 109.86141655369975, 0), 15.611370086669922)
((0.0188, 0.2723, -1.1772, 108.64559412207758, 0), 15.675456047058105)
((0.0149, 0.2743, -1.1772, 116.70212215843254, 0), 15.734023094177246)
((-0.003, 0.2763, -1.1857, 125.50721751865409, 0), 15.798700094223022)
((-0.0212, 0.2732, -1.1988, 219.06847307508039, 0), 15.858151912689209)
((-0.0333, 0.2732, -1.1988, 229.24493918128607, 0), 15.927396059036255)
((-0.0543, 0.2711, -1.2168, 240.92962931367276, 0), 15.990569114685059)
((-0.0753, 0.2669, -1.2259, 237.69048215561702, 0), 16.05038595199585)
((-0.08, 0.269, -1.2352, 239.84815400311737, 0), 16.116053104400635)
((-0.1024, 0.2689, -1.2542, 239.83083262843815, 0), 16.17421007156372)
((-0.1211, 0.2645, -1.2739, 236.84862093197822, 0), 16.239707946777344)
((-0.147, 0.2599, -1.2941, 235.34746139546576, 0), 16.299351930618286)
((-0.1708, 0.2497, -1.3097, 234.16880814985919, 0), 16.360594987869263)
((-0.1915, 0.2516, -1.3312, 233.5365264886544, 0), 16.42726993560791)
((-0.2107, 0.2535, -1.3533, 232.13666419983167, 0), 16.489371061325073)
((-0.2207, 0.2499, -1.3589, 228.94696359555451, 0), 16.543224096298218)
((-0.2351, 0.2508, -1.3762, 229.50378820743063, 0), 16.607240915298462)
((-0.2532, 0.248, -1.3998, 226.75472337707123, 0), 16.67057204246521)
((-0.2649, 0.2523, -1.4243, 226.45836970812678, 0), 16.727191925048828)
((-0.2745, 0.2521, -1.4369, 223.69100372664229, 0), 16.78485894203186)
((-0.2806, 0.2555, -1.4562, 223.26210243907002, 0), 16.850780963897705)
((-0.2831, 0.2528, -1.4693, 219.49475344293083, 0), 16.910593032836914)
((-0.287, 0.2563, -1.4895, 215.13152520022976, 0), 16.972208976745605)
((-0.2885, 0.2624, -1.5102, 211.10194645589294, 0), 17.034313917160034)
((-0.2873, 0.2611, -1.5172, 206.37484627475433, 0), 17.098953008651733)
((-0.2848, 0.2635, -1.5315, 202.81747121562702, 0), 17.160083055496216)
((-0.2836, 0.2648, -1.5387, 197.74601028021689, 0), 17.21769094467163)
((-0.2784, 0.2648, -1.5387, 192.34523806191572, 0), 17.27883291244507)
((-0.2745, 0.2634, -1.5461, 186.73017712826319, 0), 17.33722496032715)
((-0.2719, 0.2634, -1.5461, 180.0, 0), 17.392359018325806)
((-0.2667, 0.2608, -1.5461, 174.47245984834382, 0), 17.44675612449646)
((-0.2615, 0.266, -1.5461, 167.94600832309106, 0), 17.507676124572754)
((-0.2551, 0.2648, -1.5387, 155.74700498282999, 0), 17.5780611038208)
((-0.2487, 0.2661, -1.5315, 130.47390799333573, 0), 17.64621090888977)
((-0.2461, 0.2661, -1.5315, 110.32797110061946, 0), 17.704301118850708)
((-0.2399, 0.2649, -1.5243, 90.0, 0), 17.760592937469482)
((-0.2376, 0.2624, -1.5102, 71.761943115149947, 0), 17.82167911529541)
((-0.2376, 0.2624, -1.5102, 55.064568207251888, 0), 17.88310194015503)
((-0.2351, 0.2624, -1.5102, 45.7869804437371, 0), 17.942214012145996)
((-0.2365, 0.2612, -1.5032, 45.709265027994462, 0), 18.001989126205444)
((-0.238, 0.26, -1.4963, 35.144116695090169, 0), 18.062302112579346)
((-0.2369, 0.2613, -1.4895, 25.262041230740866, 0), 18.119152069091797)
((-0.2383, 0.2601, -1.4827, 20.300376325227358, 0), 18.19346308708191)
((-0.2347, 0.264, -1.476, 12.030596096537819, 0), 18.251075983047485)
((-0.2397, 0.2615, -1.476, 11.607415675794945, 0), 18.32120704650879)
((-0.24, 0.2566, -1.4627, 0.2372482486533323, 0), 18.38857913017273)
((-0.2389, 0.258, -1.4562, 357.10751509400103, 0), 18.448453903198242)
((-0.2414, 0.258, -1.4562, 358.62092353837164, 0), 18.50234293937683)
((-0.2403, 0.2519, -1.4497, 353.34557495399338, 0), 18.557217121124268)
((-0.2427, 0.2519, -1.4497, 355.93721628716645, 0), 18.61654496192932)
((-0.2406, 0.2497, -1.4369, 354.24071702547388, 0), 18.673419952392578)
((-0.2395, 0.251, -1.4306, 355.97631620983503, 0), 18.7304630279541)
((-0.2409, 0.2499, -1.4243, 358.68056082392712, 0), 18.78785800933838)
((-0.2433, 0.2499, -1.4243, 353.16159664147642, 0), 18.85683012008667)
((-0.2398, 0.2512, -1.4181, 356.01678139718354, 0), 18.915091037750244)
((-0.247, 0.244, -1.4181, 0.25693002450348301, 0), 18.977301120758057)
((-0.2494, 0.2392, -1.4181, 347.9977051012163, 0), 19.04017210006714)
((-0.2496, 0.2372, -1.4059, 348.1416611952788, 0), 19.103053092956543)
((-0.2462, 0.2432, -1.3998, 348.0124880565395, 0), 19.16354012489319)
((-0.2498, 0.2398, -1.3938, 355.9878288450322, 0), 19.225626945495605)
((-0.2522, 0.2398, -1.3938, 347.95064368964512, 0), 19.28626298904419)
((-0.2511, 0.2388, -1.3879, 340.9600004492072, 0), 19.355536937713623)
((-0.2547, 0.2425, -1.382, 344.34607720720538, 0), 19.410645961761475)
((-0.2593, 0.2355, -1.382, 344.91694017767009, 0), 19.469063997268677)
((-0.2605, 0.2321, -1.3762, 331.62358131394467, 0), 19.527651071548462)
((-0.2618, 0.2312, -1.3704, 342.14128240450407, 0), 19.5973961353302)
((-0.2607, 0.2325, -1.3646, 345.42803404858307, 0), 19.663538932800293)
((-0.2619, 0.2315, -1.3589, 344.95639059687426, 0), 19.731080055236816)
((-0.2653, 0.2283, -1.3533, 339.00004765783359, 0), 19.792727947235107)
((-0.2642, 0.2273, -1.3477, 339.05734945001177, 0), 19.86125111579895)
((-0.2699, 0.2264, -1.3421, 345.40948675012157, 0), 19.92180895805359)
((-0.2666, 0.2255, -1.3366, 337.68281348293391, 0), 19.980511903762817)
((-0.2711, 0.2209, -1.3366, 345.3123597155161, 0), 20.037643909454346)
((-0.2744, 0.2178, -1.3312, 345.43051234692962, 0), 20.09524893760681)
((-0.2711, 0.2214, -1.3257, 342.83466249255264, 0), 20.153866052627563)
((-0.2767, 0.2178, -1.3312, 348.24706774933583, 0), 20.21306610107422)
((-0.2811, 0.2178, -1.3312, 334.4036257378558, 0), 20.274981021881104)
((-0.2789, 0.2138, -1.3204, 325.27259138894232, 0), 20.335669994354248)
((-0.2789, 0.216, -1.3204, 337.54107782953793, 0), 20.399709939956665)
((-0.28, 0.2152, -1.315, 331.69924423399357, 0), 20.466131925582886)
((-0.281, 0.2121, -1.3097, 339.5598910437011, 0), 20.531076908111572)
((-0.2832, 0.2121, -1.3097, 331.83914486043375, 0), 20.594753980636597)
((-0.2832, 0.206, -1.2993, 335.78111165824868, 0), 20.67435097694397)
((-0.2864, 0.2074, -1.2941, 344.57783868126126, 0), 20.72981309890747)
((-0.2864, 0.2095, -1.2941, 334.1647918869462, 0), 20.79451012611389)
((-0.2886, 0.2052, -1.2941, 345.34769662367432, 0), 20.866043090820312)
((-0.2896, 0.2044, -1.289, 348.57131996644222, 0), 20.928292989730835)
((-0.2885, 0.2035, -1.2839, 341.1827208590301, 0), 20.99629306793213)
((-0.2906, 0.2035, -1.2839, 345.26416417353141, 0), 21.05764412879944)
((-0.2906, 0.2035, -1.2839, 341.17904117852771, 0), 21.118488073349)
((-0.2949, 0.2014, -1.2839, 339.59011716619608, 0), 21.17907404899597)
((-0.2916, 0.2006, -1.2789, 335.60626061383687, 0), 21.23953104019165)
((-0.2926, 0.1998, -1.2739, 337.61986494804034, 0), 21.301542043685913)
((-0.2948, 0.1976, -1.2739, 342.93714282653849, 0), 21.362468004226685)
((-0.2926, 0.202, -1.2739, 337.42042743597364, 0), 21.429671049118042)
((-0.2969, 0.1976, -1.2739, 348.79920221211557, 0), 21.493144035339355)
((-0.2991, 0.1955, -1.2739, 334.19884728385193, 0), 21.54963207244873)
((-0.2969, 0.1976, -1.2739, 313.3316625517067, 0), 21.612679958343506)
((-0.2969, 0.1998, -1.2739, 327.78907227632641, 0), 21.679646968841553)
((-0.2991, 0.1955, -1.2739, 327.78907227632641, 0), 21.74137592315674)
((-0.3012, 0.1955, -1.2739, 337.21759426951843, 0), 21.80227303504944)
((-0.3033, 0.1933, -1.2739, 297.512002623851, 0), 21.86912202835083)
((-0.3033, 0.1955, -1.2739, 270.0, 0), 21.925930976867676)
((-0.3033, 0.1955, -1.2739, 270.0, 0), 21.991123914718628)
((-0.3033, 0.1955, -1.2739, 270.0, 0), 22.05664896965027)
((-0.311, 0.1941, -1.2789, 270.0, 0), 22.12129497528076)
((-0.311, 0.1941, -1.2789, 247.20940915821546, 0), 22.18782901763916)
((-0.3122, 0.197, -1.2839, 250.47498817886535, 0), 22.263911962509155)
((-0.3178, 0.1978, -1.289, 236.83157917874044, 0), 22.324786901474)
((-0.3178, 0.1978, -1.289, 231.07958895783878, 0), 22.385172128677368)
((-0.3178, 0.2, -1.289, 227.70913600056207, 0), 22.451239109039307)
((-0.3221, 0.1978, -1.289, 223.83875809168623, 0), 22.508368968963623)
((-0.3243, 0.1978, -1.289, 231.22886588954174, 0), 22.56209397315979)
((-0.3278, 0.1986, -1.2941, 234.28206641774756, 0), 22.619153022766113)
((-0.3278, 0.1942, -1.2941, 230.49476693657573, 0), 22.674257040023804)
((-0.3286, 0.2, -1.289, 227.86240522611152, 0), 22.741445064544678)
((-0.3321, 0.203, -1.2941, 240.15005321046826, 0), 22.799968004226685)
((-0.3365, 0.203, -1.2941, 242.86201012523861, 0), 22.86982011795044)
((-0.3387, 0.2074, -1.2941, 254.74488129694194, 0), 22.929301023483276)
((-0.3387, 0.2095, -1.2941, 256.28672819304722, 0), 22.99711012840271)
((-0.3474, 0.2074, -1.2941, 256.28672819304722, 0), 23.058813095092773)
((-0.346, 0.2065, -1.289, 258.60299194026237, 0), 23.122136116027832)
((-0.346, 0.2065, -1.289, 270.0, 0), 23.180898904800415)
((-0.3425, 0.2057, -1.2839, 285.6539227927949, 0), 23.241567134857178)
((-0.3376, 0.2063, -1.2739, 304.75591255354124, 0), 23.30378794670105)
((-0.3398, 0.2084, -1.2739, 329.20393795351379, 0), 23.366708040237427)
((-0.3363, 0.2098, -1.2689, 339.13374785200182, 0), 23.427634954452515)
((-0.3372, 0.2089, -1.264, 0.45471886169321707, 0), 23.484992027282715)
((-0.3367, 0.2052, -1.2542, 2.8529113107863631, 0), 23.545730113983154)
((-0.3375, 0.2044, -1.2494, 2.8695671985135802, 0), 23.617887020111084)
((-0.3383, 0.2057, -1.2447, 12.488085768948476, 0), 23.677824020385742)
((-0.3433, 0.2029, -1.2399, 9.8603486426804459, 0), 23.738590002059937)
((-0.3407, 0.2034, -1.2305, 3.1475143988052445, 0), 23.80446195602417)
((-0.3448, 0.1972, -1.2305, 1.9305874411670132, 0), 23.873011112213135)
((-0.3435, 0.2006, -1.2259, 350.5804997417838, 0), 23.93435001373291)
((-0.3435, 0.2026, -1.2259, 355.59216675285398, 0), 23.99353003501892)
((-0.3456, 0.2047, -1.2259, 350.49446831335371, 0), 24.055395126342773)
((-0.3422, 0.204, -1.2213, 347.56676481190436, 0), 24.124157905578613)
((-0.3443, 0.2019, -1.2213, 350.50943936177526, 0), 24.184210062026978)
((-0.3463, 0.1998, -1.2213, 346.39635067391407, 0), 24.24625301361084)
((-0.343, 0.1991, -1.2168, 341.12545024179656, 0), 24.311224937438965)
((-0.3397, 0.1963, -1.2122, 0.7440592028886307, 0), 24.36909508705139)
((-0.3364, 0.1956, -1.2077, 3.1278061212861612, 0), 24.425339937210083)
((-0.3397, 0.1942, -1.2122, 20.224859431168174, 0), 24.481683015823364)
((-0.3384, 0.1915, -1.2077, 15.50253879163167, 0), 24.551614999771118)
((-0.3364, 0.1894, -1.2077, 15.65392279279475, 0), 24.622339963912964)
((-0.3331, 0.1908, -1.2033, 26.816346844287054, 0), 24.67754101753235)
((-0.3319, 0.1901, -1.1988, 26.819132790969203, 0), 24.732229948043823)
((-0.3307, 0.1894, -1.1944, 28.85964756768993, 0), 24.79400897026062)
((-0.3359, 0.186, -1.1988, 30.110545447663412, 0), 24.86119294166565)
((-0.3359, 0.1819, -1.1988, 21.526479832949555, 0), 24.919137001037598)
((-0.3367, 0.1793, -1.1944, 15.832386620422467, 0), 24.980427026748657)
((-0.3367, 0.1793, -1.1944, 358.70783311374998, 0), 25.041014909744263)
((-0.3367, 0.1772, -1.1944, 9.5666859897144061, 0), 25.108844995498657)
((-0.3387, 0.1772, -1.1944, 7.2840236544167265, 0), 25.16967010498047)
((-0.3395, 0.1766, -1.1901, 350.18874313200388, 0), 25.235701084136963)
((-0.337, 0.1733, -1.1814, 334.13364320590563, 0), 25.307759046554565)
((-0.339, 0.1713, -1.1814, 343.66395711028144, 0), 25.382846117019653)
((-0.345, 0.1693, -1.1814, 327.44333420789297, 0), 25.44701099395752)
((-0.3437, 0.1687, -1.1772, 332.3909499455508, 0), 25.502782106399536)
((-0.3477, 0.1667, -1.1772, 340.14478563067894, 0), 25.561588048934937)
((-0.3464, 0.1661, -1.1729, 327.39966642630952, 0), 25.6192889213562)
((-0.3536, 0.1627, -1.1772, 335.7168750554552, 0), 25.682891130447388)
((-0.3523, 0.1601, -1.1729, 315.50405543731785, 0), 25.749304056167603)
((-0.3563, 0.1582, -1.1729, 327.68426768810639, 0), 25.80857491493225)
((-0.3583, 0.1562, -1.1729, 315.67403689798437, 0), 25.873220920562744)
((-0.3563, 0.1582, -1.1729, 291.75501615275556, 0), 25.93670392036438)
((-0.3563, 0.1542, -1.1729, 296.16624708734111, 0), 26.00083899497986)
((-0.3583, 0.1502, -1.1729, 306.95093829832524, 0), 26.07380199432373)
((-0.355, 0.1517, -1.1687, 286.41078459687765, 0), 26.137057065963745)
((-0.3498, 0.1511, -1.1645, 319.34323995168933, 0), 26.198863983154297)
((-0.3498, 0.1492, -1.1645, 337.96377305985436, 0), 26.26093602180481)
((-0.3518, 0.1432, -1.1645, 16.657845556578856, 0), 26.332097053527832)
((-0.3479, 0.1452, -1.1645, 3.4064437549947373, 0), 26.390546083450317)
((-0.3479, 0.1432, -1.1645, 45.000000000000199, 0), 26.45649003982544)
((-0.3511, 0.1398, -1.1687, 51.072456407207881, 0), 26.514694929122925)
((-0.3452, 0.1418, -1.1687, 51.072456407207724, 0), 26.583406925201416)
((-0.3439, 0.1373, -1.1645, 69.274441134439527, 0), 26.641935110092163)
((-0.3459, 0.1354, -1.1645, 59.743562836470893, 0), 26.699265003204346)
((-0.3459, 0.1334, -1.1645, 65.22485943116817, 0), 26.761199951171875)
((-0.3427, 0.1329, -1.1604, 90.0, 0), 26.823972940444946)
((-0.3439, 0.1294, -1.1645, 59.99507912917602, 0), 26.886250019073486)
((-0.342, 0.1275, -1.1645, 90.0, 0), 26.947282075881958)
((-0.342, 0.1275, -1.1645, 90.0, 0), 27.00984501838684)
((-0.342, 0.1235, -1.1645, 90.0, 0), 27.07402801513672)
((-0.3452, 0.124, -1.1687, 65.22485943116817, 0), 27.134418964385986)
((-0.3439, 0.1196, -1.1645, None, 0), 27.194915056228638)
((-0.34, 0.1196, -1.1645, None, 0), 27.255773067474365)
((-0.342, 0.1196, -1.1645, 90.0, 0), 27.322505950927734)
((-0.3432, 0.12, -1.1687, 90.0, 0), 27.383625030517578)
((-0.342, 0.1176, -1.1645, 183.44738685186522, 0), 27.446058988571167)
((-0.3464, 0.1165, -1.1729, 90.0, 0), 27.510857105255127)
((-0.3471, 0.1101, -1.1687, 207.64597536373856, 0), 27.577409029006958)
((-0.3479, 0.1097, -1.1645, 230.52754015165627, 0), 27.63497805595398)
((-0.3511, 0.1082, -1.1687, 270.0, 0), 27.689311027526855)
((-0.3479, 0.1058, -1.1645, 270.0, 0), 27.745320081710815)
((-0.3511, 0.1022, -1.1687, 270.0, 0), 27.819993019104004)
((-0.355, 0.1022, -1.1687, 249.27444113443948, 0), 27.885698080062866)
((-0.353, 0.1022, -1.1687, 252.09555249375185, 0), 27.942452907562256)
((-0.355, 0.1022, -1.1687, 270.0, 0), 28.004148960113525)
((-0.3583, 0.0986, -1.1729, 252.09555249375185, 0), 28.06553602218628)
((-0.3583, 0.0986, -1.1729, 270.0, 0), 28.126781940460205)
((-0.3563, 0.1026, -1.1729, 249.44395478041659, 0), 28.190064907073975)
((-0.3596, 0.101, -1.1772, 225.0000000000002, 0), 28.255556106567383)
((-0.3615, 0.099, -1.1772, 225.0, 0), 28.316000938415527)
((-0.3648, 0.0993, -1.1814, 226.95992725912652, 0), 28.374556064605713)
((-0.3648, 0.1013, -1.1814, 227.16925758972863, 0), 28.43180513381958)
((-0.3688, 0.0953, -1.1814, 217.65570071049757, 0), 28.489471912384033)
((-0.3708, 0.0973, -1.1814, 231.20776722166224, 0), 28.54381513595581)
((-0.3728, 0.0953, -1.1814, 231.20776722166224, 0), 28.608405113220215)
((-0.3728, 0.0933, -1.1814, 239.62087398863184, 0), 28.669974088668823)
((-0.3748, 0.0933, -1.1814, 239.62087398863184, 0), 28.730417013168335)
((-0.3748, 0.0933, -1.1814, 245.3231368296631, 0), 28.81395697593689)
((-0.3781, 0.0977, -1.1857, 254.55368363230752, 0), 28.876205921173096)
((-0.3821, 0.0937, -1.1857, 242.88536587523319, 0), 28.93516993522644)
((-0.3821, 0.0957, -1.1857, 256.04170992548865, 0), 28.99736213684082)
((-0.3821, 0.0937, -1.1857, 256.04170992548865, 0), 29.06029200553894)
((-0.3801, 0.0937, -1.1857, 252.08355086436876, 0), 29.118263959884644)
((-0.3768, 0.0894, -1.1814, 245.18580300946491, 0), 29.180511951446533)
((-0.3668, 0.0953, -1.1814, 270.0, 0), 29.242806911468506)
((-0.3635, 0.091, -1.1772, 90.0, 0), 29.310415983200073)
((-0.3583, 0.0847, -1.1729, 69.610835219718439, 0), 29.373356103897095)
((-0.3459, 0.0841, -1.1645, 62.744671625057094, 0), 29.43779492378235)
((-0.3369, 0.0819, -1.1604, 56.639688715129928, 0), 29.49226713180542)
((-0.3318, 0.0835, -1.1563, 60.762754807247674, 0), 29.5465989112854)
((-0.3236, 0.0791, -1.1481, 59.694011272769508, 0), 29.60640597343445)
((-0.3145, 0.0763, -1.1361, 57.269724114912435, 0), 29.674535036087036)
((-0.3047, 0.0796, -1.1282, 52.90716270295853, 0), 29.73503303527832)
((-0.3047, 0.0815, -1.1282, 53.577716525016577, 0), 29.794198989868164)
((-0.3016, 0.0807, -1.1166, 49.413905190031791, 0), 29.85298800468445)
((-0.293, 0.0836, -1.1052, 45.608014019703774, 0), 29.914051055908203)
((-0.2938, 0.087, -1.1015, 43.966203397398097, 0), 29.975850105285645)
((-0.2882, 0.092, -1.0941, 39.590208174133153, 0), 30.03846311569214)
((-0.2826, 0.1006, -1.0868, 36.29876972105555, 0), 30.09901213645935)
((-0.2844, 0.1043, -1.0868, 35.295198807539734, 0), 30.1667959690094)
((-0.2835, 0.1112, -1.0832, 32.59801946536151, 0), 30.242018938064575)
((-0.278, 0.1196, -1.076, 30.370786419047416, 0), 30.3052020072937)
((-0.2843, 0.1255, -1.0796, 27.089483025605734, 0), 30.369892120361328)
((-0.2807, 0.1383, -1.0796, 22.770378908762158, 0), 30.428277015686035)
((-0.2825, 0.1401, -1.0796, 29.460578828270283, 0), 30.485196113586426)
((-0.2825, 0.1474, -1.0796, 22.30129286531804, 0), 30.545623064041138)
((-0.2835, 0.1571, -1.0832, 27.292907586550395, 0), 30.61540913581848)
((-0.2789, 0.1638, -1.0796, 23.32535088097578, 0), 30.689234018325806)
((-0.278, 0.1754, -1.0832, 27.198127948509047, 0), 30.755216121673584)
((-0.2725, 0.1809, -1.0832, 60.642246457208266, 0), 30.820940017700195)
((-0.2679, 0.1888, -1.0868, 90.0, 0), 30.891268014907837)
((-0.2606, 0.1999, -1.0868, 136.91828032514664, 0), 30.951744079589844)
((-0.2533, 0.2072, -1.0868, 106.89864869403841, 0), 31.011101961135864)
((-0.2468, 0.2135, -1.0904, 104.72297506175042, 0), 31.075773000717163)
((-0.2413, 0.2227, -1.0904, 106.83166875824172, 0), 31.13651204109192)
((-0.2376, 0.2264, -1.0904, 104.68878677331857, 0), 31.197109937667847)
((-0.2358, 0.2338, -1.0904, 98.914926957147969, 0), 31.258846044540405)
((-0.2277, 0.2403, -1.0868, 104.06751845363766, 0), 31.319072008132935)
((-0.2259, 0.244, -1.0868, 94.093711690844145, 0), 31.381402015686035)
((-0.2251, 0.2469, -1.0832, 94.417509351535131, 0), 31.443066120147705)
((-0.2251, 0.2524, -1.0832, 85.192046036969472, 0), 31.50684905052185)
((-0.2233, 0.2597, -1.0832, 84.209518766594655, 0), 31.573888063430786)
((-0.2178, 0.267, -1.0832, 83.157226587369024, 0), 31.632189989089966)
((-0.2178, 0.2689, -1.0832, 76.056769079446141, 0), 31.69327712059021)
((-0.2233, 0.2689, -1.0832, 72.965827120890538, 0), 31.746649980545044)
((-0.224, 0.2716, -1.0868, 63.274905162315719, 0), 31.807233095169067)
((-0.224, 0.2771, -1.0868, 73.033851891463598, 0), 31.875251054763794)
((-0.223, 0.2817, -1.0904, 90.0, 0), 31.936397075653076)
((-0.223, 0.2836, -1.0904, 141.14662565964719, 0), 32.010185956954956)
((-0.2282, 0.2873, -1.0978, 163.73979529168832, 0), 32.07229208946228)
((-0.2289, 0.292, -1.1015, 191.98751194346033, 0), 32.132309913635254)
((-0.2308, 0.292, -1.1015, 197.01468327652296, 0), 32.19682002067566)
((-0.2297, 0.293, -1.1052, 215.38932033090657, 0), 32.260579109191895)
((-0.2377, 0.2942, -1.1166, 208.40935852156164, 0), 32.320467948913574)
((-0.234, 0.2998, -1.1166, 203.3226967011698, 0), 32.38455605506897)
((-0.2421, 0.3029, -1.1282, 198.55023192592773, 0), 32.45981311798096)
((-0.244, 0.3029, -1.1282, 203.61485592650365, 0), 32.51514911651611)
((-0.2448, 0.3059, -1.1321, 209.0546040990771, 0), 32.580718994140625)
((-0.2504, 0.3061, -1.1401, 207.59974838895351, 0), 32.65109205245972)
((-0.2513, 0.3091, -1.1441, 207.69150842396505, 0), 32.71373105049133)
((-0.2541, 0.3102, -1.1481, 207.73636302155489, 0), 32.76942801475525)
((-0.256, 0.3102, -1.1481, 206.565051177078, 0), 32.82440900802612)
((-0.2598, 0.3105, -1.1563, 211.51052992201195, 0), 32.88283109664917)
((-0.2646, 0.3096, -1.1604, 209.10359577547672, 0), 32.944344997406006)
((-0.2695, 0.3068, -1.1645, 214.93931020467699, 0), 33.00681495666504)
((-0.2675, 0.3107, -1.1645, 217.04626932120891, 0), 33.07118606567383)
((-0.2724, 0.3099, -1.1687, 212.91833012685194, 0), 33.13297510147095)
((-0.2793, 0.307, -1.1729, 217.01988625483148, 0), 33.19263696670532)
((-0.2803, 0.3061, -1.1772, 221.38319842795863, 0), 33.25248599052429)
((-0.2863, 0.3041, -1.1772, 221.22266892692701, 0), 33.314703941345215)
((-0.2933, 0.2972, -1.1814, 227.89503645328833, 0), 33.3689649105072)
((-0.2913, 0.3032, -1.1814, 228.24275297762259, 0), 33.43353509902954)
((-0.2992, 0.2952, -1.1814, 231.45127299392755, 0), 33.494455099105835)
((-0.3032, 0.2912, -1.1814, 238.74491150656985, 0), 33.550209045410156)
((-0.3083, 0.2903, -1.1857, 243.36698233106185, 0), 33.61275792121887)
((-0.3134, 0.2873, -1.1901, 242.54325771540027, 0), 33.67380905151367)
((-0.3154, 0.2833, -1.1901, 242.43763753497061, 0), 33.733428955078125)
((-0.3154, 0.2813, -1.1901, 244.52433459007349, 0), 33.79590892791748)
((-0.3194, 0.2773, -1.1901, 249.8205413354892, 0), 33.85516691207886)
((-0.3206, 0.2783, -1.1944, 248.70773981470768, 0), 33.9228949546814)
((-0.3234, 0.2712, -1.1901, 244.53665493812858, 0), 33.983181953430176)
((-0.3203, 0.2702, -1.1857, 254.83553910026163, 0), 34.0449321269989)
((-0.3223, 0.2682, -1.1857, 258.48134065512056, 0), 34.10786700248718)
((-0.3211, 0.2673, -1.1814, 257.31247862613003, 0), 34.16817307472229)
((-0.3211, 0.2673, -1.1814, 288.56913073103772, 0), 34.230154037475586)
((-0.3211, 0.2673, -1.1814, 318.48932490579625, 0), 34.29558610916138)
((-0.3199, 0.2643, -1.1772, 326.76828893202054, 0), 34.35249710083008)
((-0.3199, 0.2663, -1.1772, 340.76932762433859, 0), 34.40733003616333)
((-0.3219, 0.2623, -1.1772, 357.78034444680208, 0), 34.47370910644531)
((-0.3208, 0.2614, -1.1729, 355.67772294050889, 0), 34.541285037994385)
((-0.3176, 0.2604, -1.1687, 8.5959114369211811, 0), 34.60480213165283)
((-0.3145, 0.2595, -1.1645, 9.0245406262227128, 0), 34.66218709945679)
((-0.3134, 0.2586, -1.1604, 20.199806621434142, 0), 34.71865391731262)
((-0.3115, 0.2566, -1.1604, 20.13630342824818, 0), 34.78343105316162)
((-0.3104, 0.2557, -1.1563, 24.567171320601403, 0), 34.84117007255554)
((-0.3073, 0.2548, -1.1522, 23.08830041019046, 0), 34.907602071762085)
((-0.3073, 0.2528, -1.1522, 26.748104162921337, 0), 34.969614028930664)
((-0.3005, 0.2578, -1.1481, 26.748104162921337, 0), 35.03172707557678)
((-0.2994, 0.2511, -1.1441, 36.330584531195917, 0), 35.09260702133179)
((-0.2964, 0.2502, -1.1401, 36.614399765202691, 0), 35.15013909339905)
((-0.2916, 0.2532, -1.1361, 36.548014630445124, 0), 35.21215105056763)
((-0.2906, 0.2504, -1.1321, 38.880552887742901, 0), 35.278186082839966)
((-0.2906, 0.2504, -1.1321, 38.856784803415543, 0), 35.34246110916138)
((-0.2887, 0.2484, -1.1321, 36.446457297428175, 0), 35.41281008720398)
((-0.2839, 0.2457, -1.1282, 41.882395270853792, 0), 35.473063945770264)
((-0.2858, 0.2457, -1.1282, 44.274775700941021, 0), 35.5274441242218)
((-0.2858, 0.2476, -1.1282, 41.855042535302239, 0), 35.59042501449585)
((-0.281, 0.2467, -1.1243, 36.453039992656038, 0), 35.64735507965088)
((-0.28, 0.244, -1.1205, 42.901094066796674, 0), 35.701493978500366)
((-0.2772, 0.2431, -1.1166, 39.920392139985616, 0), 35.758868932724)
((-0.2772, 0.2431, -1.1166, 36.444441756587061, 0), 35.82265090942383)
((-0.2725, 0.2442, -1.1128, 40.843943398723489, 0), 35.882652044296265)
((-0.2725, 0.2442, -1.1128, 43.162263209612014, 0), 35.94027400016785)
((-0.2716, 0.2396, -1.109, 40.009366196537599, 0), 36.00146293640137)
((-0.2678, 0.2452, -1.109, 32.644640134916294, 0), 36.06451606750488)
((-0.2669, 0.2444, -1.1052, 43.152389734005276, 0), 36.1239869594574)
((-0.2679, 0.2417, -1.1015, 39.411283779981787, 0), 36.18291401863098)
((-0.266, 0.2417, -1.1015, 29.880012601842854, 0), 36.2433500289917)
((-0.2651, 0.2409, -1.0978, 36.384351815835728, 0), 36.30373811721802)
((-0.2633, 0.2446, -1.0978, 32.766022173207183, 0), 36.364344120025635)
((-0.2587, 0.2438, -1.0941, 36.477802623801978, 0), 36.43527793884277)
((-0.2542, 0.243, -1.0904, 36.426135421565142, 0), 36.50165104866028)
((-0.2551, 0.2403, -1.0868, 39.247595306181474, 0), 36.55964112281799)
((-0.2533, 0.2422, -1.0868, 36.621327493784456, 0), 36.62230110168457)
((-0.2506, 0.2432, -1.0832, 33.150688046422296, 0), 36.676831007003784)
((-0.2454, 0.2416, -1.076, 36.535083169081666, 0), 36.731154918670654)
((-0.241, 0.2444, -1.0725, 41.423665625002833, 0), 36.78756093978882)
((-0.2402, 0.2382, -1.069, 40.763605200941271, 0), 36.86099410057068)
((-0.2366, 0.24, -1.069, 40.846146913048663, 0), 36.94083094596863)
((-0.2332, 0.2348, -1.062, 42.833085316813168, 0), 36.998316049575806)
((-0.2307, 0.2341, -1.0585, 38.463366351202914, 0), 37.05981993675232)
((-0.2282, 0.2369, -1.0551, 36.378224580321501, 0), 37.12134313583374)
((-0.2264, 0.2369, -1.0551, 40.317284497709181, 0), 37.18184804916382)
((-0.2214, 0.2371, -1.0483, 40.317284497709203, 0), 37.241766929626465)
((-0.2207, 0.2381, -1.0449, 39.918421384319025, 0), 37.310380935668945)
((-0.2207, 0.2364, -1.0449, 38.45703205956665, 0), 37.37633800506592)
((-0.2165, 0.2374, -1.0416, 36.334751227609139, 0), 37.44745898246765)
((-0.2162, 0.2316, -1.0317, 40.858609290125514, 0), 37.51038312911987)
((-0.211, 0.2369, -1.0317, 28.674994025211323, 0), 37.585922956466675)
((-0.212, 0.2344, -1.0284, 36.229236717267845, 0), 37.648672103881836)
((-0.2055, 0.2364, -1.022, 31.851132304762896, 0), 37.704318046569824)
((-0.2049, 0.2339, -1.0188, 34.442353119021931, 0), 37.76365804672241)
((-0.21, 0.2322, -1.0188, 30.637686510364691, 0), 37.82093405723572)
((-0.2077, 0.2332, -1.0156, 21.128559860607073, 0), 37.8835289478302)
((-0.2087, 0.2307, -1.0125, 23.926191368085995, 0), 37.94418907165527)
((-0.2047, 0.23, -1.0093, 20.323136829662968, 0), 38.00363492965698)
((-0.2091, 0.2293, -1.0062, 20.068516316295206, 0), 38.065388917922974)
((-0.2068, 0.2303, -1.0031, 15.558870818281276, 0), 38.128901958465576)
((-0.2078, 0.2313, -1.0, 8.3543508353796661, 0), 38.19766902923584)
((-0.2089, 0.2289, -0.997, 8.4123452904268046, 0), 38.26089596748352)
((-0.2106, 0.2272, -0.997, 352.25528945357706, 0), 38.320778131484985)
((-0.2149, 0.2248, -0.9939, 345.34703353180072, 0), 38.38527798652649)
((-0.2166, 0.2248, -0.9939, 348.86717910872579, 0), 38.4437530040741)
((-0.2183, 0.2248, -0.9939, 337.69959000722628, 0), 38.50641393661499)
((-0.2233, 0.2232, -0.9939, 332.70042778866713, 0), 38.580366134643555)
((-0.2266, 0.2232, -0.9939, 309.62329457194943, 0), 38.64629912376404)
((-0.23, 0.2215, -0.9939, 305.10174005584747, 0), 38.71430993080139)
((-0.23, 0.2215, -0.9939, 291.63088683651819, 0), 38.78342890739441)
((-0.2367, 0.2181, -0.9939, 285.36425338919355, 0), 38.840660095214844)
((-0.2343, 0.2208, -0.9909, 276.36281147608611, 0), 38.906455993652344)
((-0.24, 0.2181, -0.9939, 284.43373011044548, 0), 38.972270011901855)
((-0.2417, 0.2164, -0.9939, 270.0, 0), 39.03337812423706)
((-0.245, 0.2147, -0.9939, 270.0, 0), 39.095484018325806)
((-0.2501, 0.2114, -0.9939, 270.0, 0), 39.15405511856079)
((-0.2517, 0.208, -0.9939, 270.0, 0), 39.21143913269043)
((-0.2517, 0.2063, -0.9939, 270.0, 0), 39.27257800102234)
((-0.2609, 0.1968, -0.997, 270.0, 0), 39.33717703819275)
((-0.2642, 0.1964, -1.0031, 264.27104871525523, 0), 39.39525294303894)
((-0.2617, 0.1941, -1.0, 251.50256943574661, 0), 39.46299600601196)
((-0.2676, 0.1879, -1.0031, 251.62780666075957, 0), 39.52072095870972)
((-0.2634, 0.1822, -1.0, 251.56505117707783, 0), 39.58530807495117)
((-0.2659, 0.1749, -0.997, 254.29900874500979, 0), 39.6470730304718)
((-0.2676, 0.1715, -0.997, 261.56309586859413, 0), 39.712361097335815)
((-0.2651, 0.1643, -0.9939, 259.9546696305033, 0), 39.77398991584778)
((-0.2651, 0.1609, -0.9939, 270.0, 0), 39.83935213088989)
((-0.266, 0.1521, -0.9909, 270.0, 0), 39.9074170589447)
((-0.2643, 0.1454, -0.9909, 320.10216525235819, 0), 39.97467613220215)
((-0.2643, 0.137, -0.9909, 359.5303729803104, 0), 40.03913712501526)
((-0.266, 0.1278, -0.9849, 344.05460409907721, 0), 40.100199937820435)
((-0.2636, 0.1224, -0.9819, 5.0240752585394892, 0), 40.162917137145996)
((-0.2652, 0.1141, -0.9819, 359.36692322856891, 0), 40.2287220954895)
((-0.2677, 0.1055, -0.979, 2.6541955134067496, 0), 40.29035210609436)
((-0.271, 0.0956, -0.979, 359.68169338854869, 0), 40.35871601104736)
((-0.2677, 0.0889, -0.979, 338.39776391592602, 0), 40.432223081588745)
((-0.2702, 0.0788, -0.976, 350.10174005584753, 0), 40.492741107940674)
((-0.2727, 0.0687, -0.9731, 344.25796004912917, 0), 40.552480936050415)
((-0.2784, 0.0606, -0.976, 334.73690149550089, 0), 40.60831093788147)
((-0.2735, 0.0586, -0.9702, 316.58017247280009, 0), 40.682472944259644)
((-0.2792, 0.0456, -0.9731, 332.96913974015706, 0), 40.754904985427856)
((-0.28, 0.0356, -0.9702, 299.42745640318975, 0), 40.821532011032104)
((-0.2849, 0.0241, -0.9702, 308.32780000280059, 0), 40.87920308113098)
((-0.2849, 0.0208, -0.9702, 297.09555249375188, 0), 40.93804597854614)
((-0.2866, 0.0077, -0.9702, 302.33763593714269, 0), 41.00162696838379)
((-0.2874, 0.0028, -0.9731, 294.9670855107745, 0), 41.06462097167969)
((-0.2849, -0.0071, -0.9702, 279.57032543451129, 0), 41.1362841129303)
((-0.2866, -0.0169, -0.9702, 283.37133196989203, 0), 41.19736409187317)
((-0.2874, -0.0235, -0.9731, 305.27242144859838, 0), 41.25746297836304)
