((0.0, 0.1, 0.0, 0.0, 1), 0.8473548889160156)
((0.0, 0.1, 0.0, 0.0, 1), 0.8908040523529053)
((0.0, 0.1, 0.0, 0.0, 1), 0.9313478469848633)
((0.0, 0.1, 0.0, 0.0, 1), 0.9687519073486328)
((0.0, 0.1, 0.0, 0.0, 1), 1.0077369213104248)
((0.0, 0.1, 0.0, 0.0, 1), 1.0449728965759277)
((0.0, 0.1, 0.0, 0.0, 1), 1.0904419422149658)
((0.0, 0.1, 0.0, 0.0, 1), 1.126512050628662)
((0.0, 0.1, 0.0, 0.0, 1), 1.1651990413665771)
((0.0, 0.1, 0.0, 0.0, 1), 1.1996629238128662)
((0.6663, 0.2097, -1.382, 0, 0), 1.2610468864440918)
((0.6536, 0.2195, -1.4627, 0, 0), 1.3162870407104492)
((0.6965, 0.22, -1.4497, 188.94345732658635, 0), 1.3872840404510498)
((0.6923, 0.2161, -1.4562, 155.95903445552187, 0), 1.4463310241699219)
((0.7006, 0.221, -1.4895, 160.68931904718488, 0), 1.5100889205932617)
((0.706, 0.2277, -1.5172, 162.30368902681079, 0), 1.5752439498901367)
((0.7142, 0.2373, -1.5461, 163.63570110670659, 0), 1.6347239017486572)
((0.7176, 0.2436, -1.5534, 163.72772935332097, 0), 1.6885390281677246)
((0.7262, 0.2564, -1.5837, 163.33756444203661, 0), 1.7448458671569824)
((0.7307, 0.2671, -1.5992, 163.45985958385867, 0), 1.8050830364227295)
((0.7316, 0.2765, -1.6071, 163.4848613070335, 0), 1.8742859363555908)
((0.7398, 0.2752, -1.6313, 151.62358131394464, 0), 1.940438985824585)
((0.7446, 0.2807, -1.6478, 166.58902019598125, 0), 1.9951679706573486)
((0.7446, 0.2752, -1.6478, 164.73223042951409, 0), 2.0528769493103027)
((0.7353, 0.271, -1.6395, 164.46655561903279, 0), 2.1202640533447266)
((0.7353, 0.2655, -1.6395, 166.52730340288753, 0), 2.1710610389709473)
((0.7316, 0.2586, -1.6313, 167.26999588573921, 0), 2.22267484664917)
((0.7289, 0.2531, -1.6313, 169.81170032847777, 0), 2.279958963394165)
((0.7289, 0.2448, -1.6313, 176.75350815394586, 0), 2.3418679237365723)
((0.7298, 0.2433, -1.6395, 183.20948631779203, 0), 2.397036075592041)
((0.7243, 0.2405, -1.6395, 183.17983011986428, 0), 2.4648330211639404)
((0.7243, 0.2377, -1.6395, 242.11971556194723, 0), 2.5212249755859375)
((0.7307, 0.2333, -1.6478, 292.23803271556443, 0), 2.5810189247131348)
((0.7251, 0.2333, -1.6478, 270.0, 0), 2.636451005935669)
((0.7251, 0.2333, -1.6478, 230.86387201076897, 0), 2.7062289714813232)
((0.7177, 0.2345, -1.6561, 230.86387201076897, 0), 2.7638700008392334)
((0.7065, 0.2373, -1.6561, 209.26992716281373, 0), 2.8267178535461426)
((0.7216, 0.2178, -1.6151, 222.08916217383231, 0), 2.8811569213867188)
((0.6653, 0.22, -1.5534, 335.74284961431039, 0), 2.9478518962860107)
((0.6011, 0.4378, -1.7638, 323.16205760991301, 0), 3.0066869258880615)
((0.5951, 0.4497, -1.7638, 224.74535376772715, 0), 3.0632710456848145)
((0.5862, 0.4706, -1.7638, 226.1073544869333, 0), 3.1212899684906006)
((0.5833, 0.4825, -1.7638, 231.24361235231962, 0), 3.181346893310547)
((0.5805, 0.5032, -1.7734, 230.71499407300925, 0), 3.2414190769195557)
((0.5837, 0.512, -1.7831, 229.0223198742834, 0), 3.293631076812744)
((0.5777, 0.524, -1.7831, 226.53630012888379, 0), 3.3450660705566406)
((0.5778, 0.5391, -1.7929, 225.40316927656684, 0), 3.4036200046539307)
((0.578, 0.5512, -1.8029, 218.96502806884669, 0), 3.46240496635437)
((0.5812, 0.5665, -1.8129, 199.28493152927416, 0), 3.5205979347229004)
((0.5845, 0.579, -1.823, 202.06248203410624, 0), 3.583746910095215)
((0.5754, 0.5791, -1.8333, 190.15146729451197, 0), 3.640615940093994)
((0.5787, 0.5855, -1.8437, 188.83287075902291, 0), 3.6983509063720703)
((0.0, 0.1, 0.0, 0.0, 1), 3.7348098754882812)
((0.0, 0.1, 0.0, 0.0, 1), 3.778873920440674)
((0.0, 0.1, 0.0, 0.0, 1), 3.8138508796691895)
((0.0, 0.1, 0.0, 0.0, 1), 3.8508849143981934)
((0.0, 0.1, 0.0, 0.0, 1), 3.8917150497436523)
((0.0, 0.1, 0.0, 0.0, 1), 3.9347000122070312)
((0.0, 0.1, 0.0, 0.0, 1), 3.9760959148406982)
((0.0, 0.1, 0.0, 0.0, 1), 4.025733947753906)
((0.0, 0.1, 0.0, 0.0, 1), 4.0626490116119385)
((0.0, 0.1, 0.0, 0.0, 1), 4.1029698848724365)
((0.0, 0.1, 0.0, 0.0, 1), 4.138406991958618)
((0.0, 0.1, 0.0, 0.0, 1), 4.174285888671875)
((0.0, 0.1, 0.0, 0.0, 1), 4.215829849243164)
((0.0, 0.1, 0.0, 0.0, 1), 4.257612943649292)
((0.0, 0.1, 0.0, 0.0, 1), 4.300797939300537)
((0.0, 0.1, 0.0, 0.0, 1), 4.339756965637207)
((0.0, 0.1, 0.0, 0.0, 1), 4.38285493850708)
((0.0, 0.1, 0.0, 0.0, 1), 4.422940969467163)
((0.0, 0.1, 0.0, 0.0, 1), 4.461741924285889)
((0.0, 0.1, 0.0, 0.0, 1), 4.502311944961548)
((0.0, 0.1, 0.0, 0.0, 1), 4.541673898696899)
((0.0, 0.1, 0.0, 0.0, 1), 4.5808398723602295)
((0.0, 0.1, 0.0, 0.0, 1), 4.6162049770355225)
((0.0, 0.1, 0.0, 0.0, 1), 4.654528856277466)
((0.0, 0.1, 0.0, 0.0, 1), 4.694361925125122)
((0.0, 0.1, 0.0, 0.0, 1), 4.731730937957764)
((0.0, 0.1, 0.0, 0.0, 1), 4.770479917526245)
((0.0, 0.1, 0.0, 0.0, 1), 4.807715892791748)
((0.0, 0.1, 0.0, 0.0, 1), 4.846564054489136)
((0.109, 0.5716, -1.7264, 183.29499336967584, 0), 4.90762996673584)
((0.0, 0.1, 0.0, 0.0, 1), 4.9511189460754395)
((0.0, 0.1, 0.0, 0.0, 1), 4.995131969451904)
((0.0, 0.1, 0.0, 0.0, 1), 5.034726858139038)
((0.0, 0.1, 0.0, 0.0, 1), 5.070648908615112)
((0.0, 0.1, 0.0, 0.0, 1), 5.114917039871216)
((-0.0492, 0.5872, -1.7734, 275.69254532850618, 0), 5.17997407913208)
((-0.0498, 0.5937, -1.7929, 270.8780621767537, 0), 5.23693585395813)
((0.0, 0.1, 0.0, 0.0, 1), 5.275110960006714)
((0.0, 0.1, 0.0, 0.0, 1), 5.320440053939819)
((0.0, 0.1, 0.0, 0.0, 1), 5.367363929748535)
((0.0, 0.1, 0.0, 0.0, 1), 5.404636859893799)
((0.0, 0.1, 0.0, 0.0, 1), 5.441720962524414)
((0.0, 0.1, 0.0, 0.0, 1), 5.479021072387695)
((-0.1693, 0.588, -1.8129, 269.10525419169159, 0), 5.536776065826416)
((0.0, 0.1, 0.0, 0.0, 1), 5.579123020172119)
((-0.2237, 0.5853, -1.8333, 268.46654802481663, 0), 5.636910915374756)
((-0.2291, 0.5725, -1.8029, 267.82841762992643, 0), 5.695550918579102)
((-0.2364, 0.5635, -1.8129, 270.70705752198859, 0), 5.751903057098389)
((-0.2321, 0.5207, -1.8029, 270.70490702349923, 0), 5.808789014816284)
((-0.2399, 0.5148, -1.7929, 272.15599939961845, 0), 5.87825608253479)
((-0.2641, 0.4942, -1.7734, 273.55106015915203, 0), 5.947026968002319)
((-0.2701, 0.4799, -1.7543, 262.8201786804824, 0), 6.0082008838653564)
((0.0, 0.1, 0.0, 0.0, 1), 6.05859899520874)
((0.0, 0.1, 0.0, 0.0, 1), 6.104655981063843)
((-0.2731, 0.4631, -1.7356, 274.94175826363659, 0), 6.159662961959839)
((-0.276, 0.4513, -1.7356, 284.39188866265971, 0), 6.217185974121094)
((-0.2687, 0.446, -1.7264, 305.92186819081383, 0), 6.284183979034424)
((0.0, 0.1, 0.0, 0.0, 1), 6.322251081466675)
((-0.2659, 0.4298, -1.7083, 337.17113824225555, 0), 6.378076076507568)
((-0.256, 0.4247, -1.6994, 338.74364917769492, 0), 6.433933973312378)
((0.0, 0.1, 0.0, 0.0, 1), 6.470506906509399)
((-0.2401, 0.4298, -1.7083, 350.20237945577202, 0), 6.5280070304870605)
((0.0, 0.1, 0.0, 0.0, 1), 6.567414045333862)
((-0.2302, 0.4362, -1.6994, 355.16619206433097, 0), 6.625539064407349)
((-0.2245, 0.4275, -1.6994, 5.9228661456279754, 0), 6.679497003555298)
((-0.2131, 0.439, -1.6994, 28.152800563532885, 0), 6.7361249923706055)
((0.0, 0.1, 0.0, 0.0, 1), 6.77990984916687)
((-0.2113, 0.4211, -1.7083, 46.075129710597032, 0), 6.843348026275635)
((-0.1902, 0.4218, -1.6994, 66.166671716265512, 0), 6.896522045135498)
((-0.1845, 0.4189, -1.6994, 67.124563304581059, 0), 6.96095085144043)
((-0.1702, 0.4189, -1.6994, 72.220768236386419, 0), 7.012229919433594)
((-0.1616, 0.4189, -1.6994, 84.686834718411603, 0), 7.063538074493408)
((-0.1522, 0.4024, -1.6905, 90.0, 0), 7.11481785774231)
((0.0, 0.1, 0.0, 0.0, 1), 7.151175022125244)
((-0.1323, 0.4024, -1.6905, 78.552247198167322, 0), 7.214664936065674)
((-0.1231, 0.3776, -1.6818, 84.805571092265069, 0), 7.2738940715789795)
((-0.1169, 0.3672, -1.6732, 80.153270981629049, 0), 7.329403877258301)
((0.0, 0.1, 0.0, 0.0, 1), 7.370075941085815)
((0.0, 0.1, 0.0, 0.0, 1), 7.408921003341675)
((-0.0966, 0.3484, -1.6646, 74.765041668915657, 0), 7.479008913040161)
((-0.0887, 0.3502, -1.6732, 69.14346474693923, 0), 7.539247035980225)
((-0.0794, 0.3382, -1.6561, 75.526291473698592, 0), 7.595394849777222)
((-0.0854, 0.3202, -1.6646, 67.608898199296306, 0), 7.652875900268555)
((-0.0742, 0.3146, -1.6646, 67.68786370499835, 0), 7.710429906845093)
((-0.0742, 0.3174, -1.6646, 68.289069363843879, 0), 7.769667863845825)
((-0.0686, 0.3118, -1.6646, 71.631187099432566, 0), 7.831131935119629)
((0.0, 0.1, 0.0, 0.0, 1), 7.878203868865967)
((-0.0518, 0.309, -1.6646, 67.873665190626866, 0), 7.929909944534302)
((-0.0571, 0.3102, -1.6561, 76.43742116702829, 0), 7.982400894165039)
((-0.0546, 0.3005, -1.6646, 74.041950437729511, 0), 8.04911494255066)
((-0.049, 0.3005, -1.6646, 90.0, 0), 8.11064600944519)
((0.0, 0.1, 0.0, 0.0, 1), 8.144394874572754)
((0.0, 0.1, 0.0, 0.0, 1), 8.180958032608032)
((0.0, 0.1, 0.0, 0.0, 1), 8.22307801246643)
((0.0, 0.1, 0.0, 0.0, 1), 8.259947061538696)
((-0.0212, 0.3065, -1.6818, 77.777174853315643, 0), 8.314466953277588)
((-0.0127, 0.3036, -1.6818, 113.82533049213333, 0), 8.384399890899658)
((-0.0128, 0.3052, -1.6905, 103.31078373159336, 0), 8.442965984344482)
((-0.0014, 0.3384, -1.6994, 112.87118962280364, 0), 8.503082990646362)
((0.0, 0.1, 0.0, 0.0, 1), 8.53919005393982)
((-0.0043, 0.2968, -1.7083, 115.54882463540709, 0), 8.599241018295288)
((0.0, 0.1, 0.0, 0.0, 1), 8.636638879776001)
((0.0101, 0.3026, -1.7083, 124.20107591266148, 0), 8.69530987739563)
((0.0187, 0.2853, -1.7083, 125.2212268731483, 0), 8.754008054733276)
((0.0, 0.1, 0.0, 0.0, 1), 8.802422046661377)
((0.0217, 0.2664, -1.7173, 124.5534105505712, 0), 8.864284992218018)
((0.0, 0.1, 0.0, 0.0, 1), 8.900728940963745)
((0.0, 0.1, 0.0, 0.0, 1), 8.943805932998657)
((0.0332, 0.2461, -1.7173, 124.63262917519006, 0), 9.001812934875488)
((0.0392, 0.2328, -1.7264, 122.66471276452495, 0), 9.057787895202637)
((0.0453, 0.2252, -1.7356, 126.44255292624845, 0), 9.110846996307373)
((0.0, 0.1, 0.0, 0.0, 1), 9.150943040847778)
((0.0485, 0.1999, -1.7449, 132.84857634428752, 0), 9.213895082473755)
((0.0485, 0.194, -1.7449, 131.58709429292782, 0), 9.27620005607605)
((0.0573, 0.1881, -1.7449, 132.35929873346868, 0), 9.345128059387207)
((0.0, 0.1, 0.0, 0.0, 1), 9.384505033493042)
((0.0, 0.1, 0.0, 0.0, 1), 9.420292854309082)
((0.0, 0.1, 0.0, 0.0, 1), 9.45827603340149)
((0.0, 0.1, 0.0, 0.0, 1), 9.493996858596802)
((0.0, 0.1, 0.0, 0.0, 1), 9.53192400932312)
((0.0642, 0.1551, -1.7734, 120.7169117138817, 0), 9.602413892745972)
((0.0612, 0.1491, -1.7734, 140.27242946696276, 0), 9.662386894226074)
((0.0645, 0.1469, -1.7831, 146.86181909671893, 0), 9.72381591796875)
((0.0705, 0.1409, -1.7831, 146.9577723360367, 0), 9.779501914978027)
((0.0731, 0.1371, -1.7734, 150.45243038120503, 0), 9.831160068511963)
((0.0739, 0.1356, -1.7929, 144.19797043711387, 0), 9.89014196395874)
((0.0735, 0.1469, -1.7831, 153.47495983563113, 0), 9.945416927337646)
((0.0705, 0.1469, -1.7831, 146.79724813072377, 0), 10.016659021377563)
((0.0739, 0.1477, -1.7929, 150.06166154454621, 0), 10.078855991363525)
((0.0713, 0.1455, -1.8029, 160.92290868019228, 0), 10.148789882659912)
((0.0713, 0.1394, -1.8029, 166.46754336856495, 0), 10.212868928909302)
((0.0709, 0.1326, -1.7929, 161.10018689881645, 0), 10.280191898345947)
((0.0649, 0.1386, -1.7929, 146.85300416774407, 0), 10.34692096710205)
((0.0555, 0.1318, -1.7831, 209.74488129694214, 0), 10.405636072158813)
((0.0463, 0.1371, -1.7734, 241.13924265119365, 0), 10.46301007270813)
((0.034, 0.1386, -1.7543, 305.24203655865205, 0), 10.522355079650879)
((0.0131, 0.1371, -1.7356, 306.09631097194642, 0), 10.580258846282959)
((0.0044, 0.1364, -1.7264, 309.608645318416, 0), 10.638881921768188)
((-0.0158, 0.1379, -1.7083, 313.73632744834174, 0), 10.69865608215332)
((-0.0356, 0.1422, -1.6905, 317.36364638135944, 0), 10.756375074386597)
((-0.0574, 0.1428, -1.6646, 316.4366654858535, 0), 10.81147289276123)
((-0.0711, 0.1393, -1.6561, 314.99999999999994, 0), 10.883704900741577)
((-0.0892, 0.1399, -1.6313, 315.16802233216646, 0), 10.943546056747437)
((-0.1074, 0.1413, -1.6151, 316.37174471000179, 0), 11.01085090637207)
((-0.1331, 0.1482, -1.6313, 315.84468426675289, 0), 11.065829038619995)
((-0.1633, 0.1344, -1.6313, 306.35627081360565, 0), 11.122176885604858)
((-0.1771, 0.1344, -1.6313, 300.59454455144856, 0), 11.176864862442017)
((-0.1789, 0.1365, -1.6231, 297.65305241156744, 0), 11.241034030914307)
((-0.1935, 0.1399, -1.6313, 297.58161729539421, 0), 11.297658920288086)
((-0.198, 0.1557, -1.6231, 290.55206855527047, 0), 11.353684902191162)
((-0.2056, 0.1628, -1.6395, 286.44468119116237, 0), 11.423289060592651)
((-0.2111, 0.1656, -1.6395, 277.03586867676944, 0), 11.49041199684143)
((-0.2205, 0.1748, -1.6478, 266.15161071591984, 0), 11.547935009002686)
((-0.2188, 0.1813, -1.6561, 253.87411396610369, 0), 11.609344959259033)
((-0.2255, 0.1963, -1.6646, 253.86053137719728, 0), 11.670098066329956)
((-0.221, 0.186, -1.6732, 241.83674944065723, 0), 11.730833053588867)
((-0.2245, 0.1975, -1.6994, 226.33532413839347, 0), 11.791674852371216)
((-0.2388, 0.2004, -1.6994, 210.86426560069472, 0), 11.850471019744873)
((-0.2228, 0.1986, -1.7083, 213.63178089347903, 0), 11.907932043075562)
((0.0, 0.1, 0.0, 0.0, 1), 11.958920955657959)
((-0.2142, 0.2043, -1.7083, 196.22921168238801, 0), 12.011520862579346)
((-0.2142, 0.2072, -1.7083, 187.1250163489018, 0), 12.071523904800415)
((-0.2056, 0.2043, -1.7083, 182.57989623961029, 0), 12.12350606918335)
((-0.2073, 0.2033, -1.6994, 166.16448051262253, 0), 12.185184955596924)
((-0.2016, 0.2033, -1.6994, 165.12624929507112, 0), 12.24727487564087)
((-0.1939, 0.2012, -1.6818, 145.51943639989537, 0), 12.311384916305542)
((-0.1835, 0.1963, -1.6646, 107.60648027688347, 0), 12.367128849029541)
((0.0, 0.1, 0.0, 0.0, 1), 12.40447998046875)
((-0.1716, 0.1924, -1.6313, 49.676052666013213, 0), 12.465108871459961)
((0.0, 0.1, 0.0, 0.0, 1), 12.501785039901733)
((0.0, 0.1, 0.0, 0.0, 1), 12.53886604309082)
((-0.1594, 0.1931, -1.5914, 44.618880701978853, 0), 12.611079931259155)
((-0.1597, 0.1903, -1.5684, 28.472919800497667, 0), 12.66837191581726)
((0.0, 0.1, 0.0, 0.0, 1), 12.706699848175049)
((-0.1567, 0.1893, -1.5387, 21.284096159274092, 0), 12.76318907737732)
((-0.1585, 0.1962, -1.5315, 18.728355688818631, 0), 12.825080871582031)
((-0.1629, 0.203, -1.5243, 14.917296968009701, 0), 12.907647848129272)
((-0.1632, 0.2052, -1.5032, 14.228562091498112, 0), 12.972527027130127)
((-0.1657, 0.2256, -1.5032, 11.073871151344072, 0), 13.026918888092041)
((-0.1675, 0.2397, -1.4963, 8.9726266148964022, 0), 13.085296869277954)
((-0.1692, 0.2412, -1.4895, 5.4306924977683924, 0), 13.136913061141968)
((-0.1701, 0.2415, -1.476, 0.96965262726486245, 0), 13.190505981445312)
((-0.1784, 0.2325, -1.4827, 354.70262589183278, 0), 13.248408079147339)
((-0.1784, 0.2476, -1.4827, 347.6908238557225, 0), 13.308125019073486)
((-0.1826, 0.2465, -1.476, 338.81865049973379, 0), 13.378396987915039)
((-0.1909, 0.2351, -1.4827, 336.52786400629799, 0), 13.43191385269165)
((0.0, 0.1, 0.0, 0.0, 1), 13.470104932785034)
((-0.1943, 0.2387, -1.4895, 326.05641298024824, 0), 13.52682089805603)
((0.0, 0.1, 0.0, 0.0, 1), 13.566089868545532)
((0.0, 0.1, 0.0, 0.0, 1), 13.603141069412231)
((0.0, 0.1, 0.0, 0.0, 1), 13.648751974105835)
((0.0, 0.1, 0.0, 0.0, 1), 13.68632197380066)
((0.0, 0.1, 0.0, 0.0, 1), 13.725342988967896)
((0.0, 0.1, 0.0, 0.0, 1), 13.764662981033325)
((0.0, 0.1, 0.0, 0.0, 1), 13.803273916244507)
((0.0, 0.1, 0.0, 0.0, 1), 13.863273859024048)
((0.0, 0.1, 0.0, 0.0, 1), 13.924258947372437)
((-0.17, 0.2549, -1.4963, 293.77418562665969, 0), 13.982317924499512)
((-0.174, 0.235, -1.5315, 328.06931789628248, 0), 14.03650689125061)
((-0.168, 0.2417, -1.5243, 190.46233072350719, 0), 14.093662023544312)
((-0.1766, 0.2376, -1.5315, 178.02506598911805, 0), 14.147841930389404)
((-0.1766, 0.2376, -1.5315, 186.67988606322257, 0), 14.210474014282227)
((-0.174, 0.2324, -1.5315, 177.8875887297709, 0), 14.278861045837402)
((-0.1588, 0.2445, -1.5102, 174.8479182977938, 0), 14.330283880233765)
((0.0, 0.1, 0.0, 0.0, 1), 14.37062692642212)
((0.0, 0.1, 0.0, 0.0, 1), 14.405549049377441)
((-0.1637, 0.2324, -1.5315, 145.16569487954268, 0), 14.461302995681763)
((-0.1582, 0.2647, -1.5534, 150.86570780277393, 0), 14.51825499534607)
((-0.268, 0.45, -2.7223, 150.53593065197862, 0), 14.579545021057129)
((-0.1482, 0.2454, -1.5315, 184.57020630305504, 0), 14.636945962905884)
((-0.1463, 0.2387, -1.5387, 90.0, 0), 14.694344997406006)
((-0.1379, 0.2532, -1.5315, 123.56803197140896, 0), 14.750195980072021)
((-0.1392, 0.2529, -1.5461, 90.0, 0), 14.809346914291382)
((-0.1489, 0.2492, -1.5387, 111.32439736649356, 0), 14.862392902374268)
((0.0, 0.1, 0.0, 0.0, 1), 14.90460991859436)
((-0.1496, 0.2503, -1.5461, 106.00567549942177, 0), 14.960978031158447)
((-0.1392, 0.2634, -1.5461, 165.6262852935244, 0), 15.030534982681274)
((0.0, 0.1, 0.0, 0.0, 1), 15.070478916168213)
((-0.1379, 0.2527, -1.5609, 120.79149072669794, 0), 15.12731385231018)
((0.0, 0.1, 0.0, 0.0, 1), 15.162687063217163)
((-0.1346, 0.2594, -1.5534, 110.27716044768961, 0), 15.215046882629395)
((0.0, 0.1, 0.0, 0.0, 1), 15.250433921813965)
((-0.1327, 0.2554, -1.5609, 6.5106775815719882, 0), 15.306195974349976)
((-0.128, 0.2566, -1.5684, 152.20131382008844, 0), 15.363862037658691)
((-0.1359, 0.2646, -1.5684, 148.36021844476451, 0), 15.420296907424927)
((-0.1386, 0.2593, -1.5684, 176.89757331782931, 0), 15.477413892745972)
((-0.1359, 0.2593, -1.5684, 178.45878135627615, 0), 15.535459041595459)
((0.0, 0.1, 0.0, 0.0, 1), 15.574265003204346)
((-0.1063, 0.2589, -1.5992, 156.3605029159491, 0), 15.631701946258545)
((-0.1346, 0.2671, -1.5837, 140.8047327603453, 0), 15.692370891571045)
((0.0, 0.1, 0.0, 0.0, 1), 15.729788064956665)
((-0.1319, 0.2591, -1.5837, 173.02507048400389, 0), 15.786946058273315)
((-0.1286, 0.2605, -1.576, 165.25643716352934, 0), 15.84894585609436)
((0.0, 0.1, 0.0, 0.0, 1), 15.893635034561157)
((-0.1227, 0.2646, -1.5684, 165.13171864150189, 0), 15.952898979187012)
((-0.1148, 0.2672, -1.5684, 126.86989764584422, 0), 16.00791597366333)
((-0.1137, 0.2647, -1.5534, 90.0, 0), 16.06433606147766)
((-0.1049, 0.27, -1.5387, 55.954062643398117, 0), 16.121554851531982)
((-0.1018, 0.2739, -1.5315, 48.610090721943763, 0), 16.182419061660767)
((-0.1029, 0.265, -1.5102, 42.741618427082699, 0), 16.236051082611084)
((-0.0965, 0.2613, -1.4895, 2.1877636632158421, 0), 16.290946006774902)
((-0.0961, 0.2752, -1.4827, 22.021293525610826, 0), 16.349875926971436)
((-0.0964, 0.2666, -1.4497, 19.517148885938315, 0), 16.408634901046753)
((-0.0975, 0.2655, -1.4306, 14.302783132044359, 0), 16.467511892318726)
((-0.0986, 0.2668, -1.412, 10.363378722201132, 0), 16.527497053146362)
((-0.0965, 0.2729, -1.382, 5.9136402341211705, 0), 16.58309507369995)
((-0.0965, 0.2822, -1.382, 5.7304507312677773, 0), 16.651907920837402)
((-0.1018, 0.2614, -1.3589, 3.0684386775550596, 0), 16.71238398551941)
((-0.1068, 0.2775, -1.3366, 0.0, 0), 16.77376699447632)
((-0.114, 0.2686, -1.315, 358.71304170822407, 0), 16.833313941955566)
((-0.1235, 0.2675, -1.2993, 354.27315274108872, 0), 16.905359029769897)
((-0.1264, 0.2774, -1.2839, 351.50284611755148, 0), 16.9687180519104)
((-0.1308, 0.2881, -1.264, 349.74381752166653, 0), 17.023552894592285)
((-0.1441, 0.2699, -1.2689, 348.69668137559984, 0), 17.087563037872314)
((-0.1482, 0.2657, -1.2494, 342.36144500876406, 0), 17.167180061340332)
((-0.1632, 0.269, -1.2352, 338.69946726694656, 0), 17.220468997955322)
((-0.1673, 0.2648, -1.2352, 335.56486764616972, 0), 17.27572989463806)
((-0.1805, 0.2649, -1.2259, 332.0984728570773, 0), 17.34482192993164)
((-0.1778, 0.2618, -1.2213, 326.34577967237504, 0), 17.40377688407898)
((-0.1915, 0.2732, -1.2168, 325.74918913950734, 0), 17.462085962295532)
((-0.1948, 0.2681, -1.2122, 320.50320556848857, 0), 17.518513917922974)
((-0.1989, 0.264, -1.2122, 316.3493298810875, 0), 17.58141589164734)
((-0.2091, 0.2537, -1.2122, 307.25829225899412, 0), 17.63951802253723)
((-0.2071, 0.266, -1.2122, 311.09844122091516, 0), 17.697613954544067)
((-0.2071, 0.2681, -1.2122, 302.27564431457773, 0), 17.755115032196045)
((-0.2119, 0.2649, -1.2168, 297.65085201531548, 0), 17.830766916275024)
((-0.2234, 0.2414, -1.2122, 292.4188920558654, 0), 17.881880044937134)
((-0.2275, 0.2435, -1.2122, 287.71074298875618, 0), 17.944171905517578)
((-0.2254, 0.2476, -1.2122, 280.37584492005118, 0), 18.006437063217163)
((-0.2254, 0.2373, -1.2122, 277.7274515823816, 0), 18.061035871505737)
((-0.2217, 0.26, -1.2033, 270.0, 0), 18.11507296562195)
((-0.2238, 0.2579, -1.2033, 291.3232312300982, 0), 18.177711963653564)
((-0.2266, 0.2466, -1.2077, 301.19248098379848, 0), 18.229580879211426)
((-0.227, 0.2428, -1.1988, 282.99461679191631, 0), 18.290114879608154)
((-0.4899, 0.5379, -2.6342, 303.95501721899734, 0), 18.344815015792847)
((-0.233, 0.2509, -1.1988, 191.09677604280489, 0), 18.404298067092896)
((-0.2342, 0.25, -1.1944, 324.38151016074789, 0), 18.459537029266357)
((-0.2371, 0.255, -1.1988, 339.37343693354563, 0), 18.515389919281006)
((-0.2391, 0.2509, -1.1988, 318.87467320356478, 0), 18.576047897338867)
((-0.2391, 0.2529, -1.1988, 314.36575528557353, 0), 18.634793996810913)
((-0.2431, 0.257, -1.1988, 284.50016676655241, 0), 18.693865060806274)
((-0.2469, 0.2609, -1.2077, 283.12463724841081, 0), 18.750015020370483)
((-0.2413, 0.2632, -1.1901, 270.0, 0), 18.810855865478516)
((-0.254, 0.2476, -1.2122, 301.31598024775298, 0), 18.871976852416992)
((-0.251, 0.263, -1.2077, 9.4191930581308068, 0), 18.928032875061035)
((-0.2519, 0.2722, -1.2122, 243.69016218853085, 0), 18.98260498046875)
((-0.2519, 0.2783, -1.2122, 224.83860386487959, 0), 19.039016008377075)
((-0.2549, 0.2691, -1.2168, 227.84213788365599, 0), 19.091726064682007)
((-0.259, 0.267, -1.2168, 221.27594202725169, 0), 19.15021586418152)
((-0.259, 0.2711, -1.2168, 227.86994513651865, 0), 19.209835052490234)
((-0.2682, 0.2659, -1.2305, 221.45523354440508, 0), 19.27286386489868)
((-0.2671, 0.2669, -1.2352, 223.0519149934851, 0), 19.341219902038574)
((-0.2692, 0.2669, -1.2352, 209.77223664435661, 0), 19.39980387687683)
((-0.2713, 0.2689, -1.2447, 213.4595022533905, 0), 19.456796884536743)
((-0.2713, 0.2689, -1.2447, 208.75131511852427, 0), 19.519487857818604)
((-0.2712, 0.2689, -1.2542, 210.83395208828463, 0), 19.576432943344116)
((-0.2702, 0.2678, -1.2494, 204.67990741769154, 0), 19.63483691215515)
((-0.2712, 0.2689, -1.2542, 205.14184633044485, 0), 19.692303895950317)
((-0.2702, 0.2678, -1.2494, 198.06649229758435, 0), 19.749528884887695)
((-0.2691, 0.2667, -1.2542, 198.96058342937962, 0), 19.811577081680298)
((-0.266, 0.2657, -1.2494, 182.17474411461009, 0), 19.871195077896118)
((-0.266, 0.27, -1.2494, 175.57044070102239, 0), 19.93219304084778)
((-0.2723, 0.2573, -1.2494, 167.3004155104027, 0), 20.002805948257446)
((-0.2692, 0.2542, -1.2447, 192.0114783863651, 0), 20.05891990661621)
((-0.2713, 0.2521, -1.2447, 90.0, 0), 20.113188982009888)
((-0.2723, 0.2637, -1.2399, 359.39690880561949, 0), 20.179099082946777)
((-0.2807, 0.2427, -1.2399, 347.53506715793515, 0), 20.236729860305786)
((-0.2754, 0.2397, -1.2352, 326.402494234389, 0), 20.299211025238037)
((-0.2806, 0.2326, -1.2305, 339.88741171092454, 0), 20.359483003616333)
((-0.2806, 0.2471, -1.2305, 334.11585132794107, 0), 20.41584086418152)
((-0.2857, 0.2421, -1.2259, 322.31438841570258, 0), 20.47436785697937)
((-0.294, 0.2255, -1.2259, 320.02696781606511, 0), 20.533114910125732)
((-0.2908, 0.2308, -1.2213, 317.28048532468199, 0), 20.592798948287964)
((-0.2991, 0.2329, -1.2213, 317.29061004263832, 0), 20.65139603614807)
((-0.3, 0.2155, -1.2168, 310.08821182749386, 0), 20.709205865859985)
((-0.3091, 0.2229, -1.2122, 309.8259103812627, 0), 20.76993989944458)
((-0.3164, 0.2094, -1.2168, 314.28511649936905, 0), 20.831187963485718)
((-0.3111, 0.2024, -1.2122, 294.16961244472731, 0), 20.88520097732544)
((-0.3193, 0.2004, -1.2122, 300.96375653207349, 0), 20.938490867614746)
((-0.3201, 0.1976, -1.2077, 295.30797876126348, 0), 20.99597692489624)
((-0.3218, 0.1982, -1.1988, 297.88196358287126, 0), 21.061205863952637)
((-0.3218, 0.1941, -1.1988, 314.26949230573109, 0), 21.125566959381104)
((-0.3278, 0.1941, -1.1988, 305.97238704928492, 0), 21.177403926849365)
((-0.3246, 0.1894, -1.1944, 308.09545694295065, 0), 21.229928970336914)
((-0.3435, 0.1907, -1.1901, 312.32002605989231, 0), 21.284724950790405)
((-0.3322, 0.19, -1.1857, 302.71838695458712, 0), 21.34340500831604)
((-0.3378, 0.1906, -1.1772, 333.06767321558402, 0), 21.400584936141968)
((-0.3398, 0.1866, -1.1772, 322.66154213605085, 0), 21.462854862213135)
((-0.342, 0.1866, -1.1645, 329.64188454123331, 0), 21.526751041412354)
((-0.342, 0.1886, -1.1645, 333.11752392916941, 0), 21.600226879119873)
((-0.3466, 0.1859, -1.1604, 329.50526350007613, 0), 21.6698100566864)
((-0.3532, 0.1833, -1.1563, 327.14427804956694, 0), 21.729368925094604)
((-0.3668, 0.1872, -1.1563, 329.13547402252857, 0), 21.78639006614685)
((-0.3546, 0.2014, -1.1481, 312.07709990463911, 0), 21.84892201423645)
((-0.3565, 0.1878, -1.1481, 345.19601984372952, 0), 21.907652854919434)
((-0.3668, 0.1891, -1.1441, 327.12635982036716, 0), 21.962054014205933)
((-0.3623, 0.1762, -1.1481, 318.77733107307296, 0), 22.017035007476807)
((-0.3764, 0.1736, -1.1441, 322.2889523236102, 0), 22.071649074554443)
((-0.3629, 0.1717, -1.1441, 300.66892664971516, 0), 22.133981943130493)
((-0.3611, 0.168, -1.1321, 314.30638038121299, 0), 22.191560983657837)
((-0.3642, 0.1686, -1.1361, 332.87087357847969, 0), 22.24582004547119)
((-0.3655, 0.1636, -1.1282, 331.42930145153338, 0), 22.309846878051758)
((-0.3693, 0.1617, -1.1282, 2.6488057594586807, 0), 22.37241506576538)
((-0.373, 0.1544, -1.1166, 323.54696000734396, 0), 22.431875944137573)
((-0.383, 0.1519, -1.1128, 332.35402463626116, 0), 22.488569974899292)
((-0.3717, 0.1463, -1.1128, 332.63518658765014, 0), 22.547340869903564)
((-0.3742, 0.1458, -1.109, 345.08878940875638, 0), 22.607943058013916)
((-0.3785, 0.1584, -1.1052, 3.5864968047441814, 0), 22.667355060577393)
((-0.3852, 0.135, -1.0978, 338.1478189013165, 0), 22.726826906204224)
((-0.3834, 0.135, -1.0978, 324.90720562049933, 0), 22.785457849502563)
((-0.4015, 0.1337, -1.0868, 333.37514114160348, 0), 22.836598873138428)
((-0.3923, 0.141, -1.0868, 318.99091309842987, 0), 22.89099097251892)
((-0.3947, 0.1369, -1.0832, 330.94539590092296, 0), 22.956318855285645)
((-0.9697, 0.2772, -2.6131, 326.98819344381752, 0), 23.020612955093384)
((-0.4129, 0.1131, -1.0832, 201.35823779151767, 0), 23.086112022399902)
((-0.4216, 0.1153, -1.0868, 305.6952276593567, 0), 23.13951301574707)
((-0.4295, 0.1202, -1.0978, 295.09625046269218, 0), 23.195443868637085)
((-0.4362, 0.1004, -1.1052, 278.2558887152166, 0), 23.253326892852783)
((-0.4448, 0.1124, -1.1128, 261.7441112847834, 0), 23.325577974319458)
((-0.4528, 0.093, -1.1282, 256.27155898661204, 0), 23.394760847091675)
((-0.4579, 0.0917, -1.1361, 231.09586154459578, 0), 23.451163053512573)
((-0.4699, 0.0874, -1.1563, 233.07424492168076, 0), 23.51046085357666)
((-0.4772, 0.0822, -1.1645, 225.8112818321388, 0), 23.571013927459717)
((-0.4762, 0.0814, -1.1814, 18.777182321354474, 0), 23.627824068069458)
((-0.4875, 0.0802, -1.1944, 212.80594357784435, 0), 23.682955980300903)
((-0.4708, 0.0991, -1.2033, 211.48553322176386, 0), 23.74354600906372)
((-0.4717, 0.082, -1.2213, 201.37881264588853, 0), 23.802885055541992)
((-0.4837, 0.0874, -1.2689, 197.00210667766595, 0), 23.865084886550903)
((-0.4664, 0.1022, -1.2399, 193.99305353225577, 0), 23.917645931243896)
((-0.4532, 0.1048, -1.2213, 186.94186247475412, 0), 23.97423791885376)
((-0.4531, 0.1051, -1.2494, 176.84251757952114, 0), 24.029582023620605)
((-0.4531, 0.0924, -1.2494, 169.77099171264047, 0), 24.101634979248047)
((-0.4401, 0.1097, -1.2542, 164.15269794481321, 0), 24.155849933624268)
((-0.4511, 0.1031, -1.3045, 153.62414718701706, 0), 24.20664095878601)
((-0.4349, 0.1215, -1.289, 161.70567320604559, 0), 24.260182857513428)
((-0.4393, 0.1106, -1.315, 157.27103650604144, 0), 24.31983184814453)
((-0.427, 0.1119, -1.3045, 160.9254119513036, 0), 24.381253957748413)
((-0.4177, 0.1367, -1.3097, 122.12331292338416, 0), 24.450275897979736)
((0.0, 0.1, 0.0, 0.0, 1), 24.491577863693237)
((-0.4061, 0.144, -1.315, 145.09622041626648, 0), 24.549283027648926)
((-0.3816, 0.1431, -1.2494, 153.31278316687479, 0), 24.61251997947693)
((-0.3697, 0.1468, -1.2447, 90.0, 0), 24.666878938674927)
((-0.3607, 0.154, -1.2352, 86.774512850543672, 0), 24.722882986068726)
((-0.3572, 0.1576, -1.2305, 76.542482097681358, 0), 24.779789924621582)
((-0.3572, 0.1472, -1.2305, 51.759330402710248, 0), 24.845172882080078)
((-0.3614, 0.1497, -1.2168, 53.024064635282187, 0), 24.919179916381836)
((-0.3567, 0.1486, -1.2077, 38.424230124355539, 0), 24.981492042541504)
((-0.346, 0.1515, -1.1988, 35.988640993348554, 0), 25.039392948150635)
((-0.3442, 0.1479, -1.1857, 32.88381593090039, 0), 25.092344045639038)
((-0.3398, 0.1488, -1.1772, 25.581912771526941, 0), 25.145495891571045)
((-0.3393, 0.1477, -1.1687, 30.068582821862439, 0), 25.214133977890015)
((-0.3369, 0.1467, -1.1604, 21.801409486351844, 0), 25.270405054092407)
((-0.3314, 0.1451, -1.1481, 17.650124219930156, 0), 25.32370090484619)
((-0.3275, 0.147, -1.1481, 17.385692882041958, 0), 25.385683059692383)
((-0.3287, 0.1431, -1.1321, 19.821033446000552, 0), 25.444839000701904)
((-0.3256, 0.1407, -1.1282, 21.110002879213155, 0), 25.500473022460938)
((-0.3272, 0.1378, -1.1205, 21.36518726845712, 0), 25.567857027053833)
((-0.3362, 0.1388, -1.1128, 13.501268302709029, 0), 25.625725030899048)
((-0.3346, 0.1299, -1.1015, 6.2625435453486658, 0), 25.683795928955078)
((-0.7982, 0.2905, -2.6131, 3.9296004889732039, 0), 25.743771076202393)
((-0.3422, 0.1212, -1.0904, 197.62556123774294, 0), 25.803449869155884)
((-0.8312, 0.2973, -2.6342, 355.67015220768536, 0), 25.86510705947876)
((-0.3508, 0.1161, -1.0941, 198.58864318966414, 0), 25.92103385925293)
((-0.3514, 0.1286, -1.0904, 336.6606967586157, 0), 25.986541032791138)
((-0.3564, 0.1112, -1.0832, 331.43769612998523, 0), 26.04221796989441)
((-0.3571, 0.1098, -1.069, 325.6105273840048, 0), 26.0952570438385)
((-0.3613, 0.1087, -1.076, 329.86129846813697, 0), 26.154886960983276)
((-0.3601, 0.1091, -1.062, 325.70346181733277, 0), 26.210367918014526)
((-0.3661, 0.1152, -1.069, 327.15494169722217, 0), 26.263143062591553)
((-0.3643, 0.1152, -1.069, 15.633712762164279, 0), 26.325523853302002)
((-0.3715, 0.1152, -1.069, 314.07807852236124, 0), 26.389709949493408)
((-0.3703, 0.122, -1.0655, 16.367539250510205, 0), 26.447602033615112)
((-0.3732, 0.1266, -1.0585, 325.71312302279119, 0), 26.50937795639038)
((-0.3719, 0.148, -1.0449, 325.65186200660963, 0), 26.568624019622803)
((-0.3761, 0.1383, -1.0517, 337.96683356834546, 0), 26.62763500213623)
((-0.3737, 0.1374, -1.0449, 312.31868568232426, 0), 26.684251070022583)
((-0.379, 0.1409, -1.0449, 338.26214653806653, 0), 26.74253797531128)
((-0.3695, 0.1598, -1.0188, 312.1375947738884, 0), 26.802747011184692)
((-0.3775, 0.1465, -1.022, 356.12532679643482, 0), 26.856812000274658)
((-0.3775, 0.1482, -1.022, 344.31254621469964, 0), 26.917376041412354)
((-0.3849, 0.1512, -1.0188, 352.72499504211072, 0), 26.979631900787354)
((-0.3825, 0.1519, -1.0125, 342.63898977739029, 0), 27.035861015319824)
((-0.3694, 0.1788, -1.0093, 348.57035232302445, 0), 27.093179941177368)
((-0.3877, 0.1839, -1.069, 4.0169854139019812, 0), 27.1457839012146)
((-0.3598, 0.1697, -1.0062, 213.84265246356424, 0), 27.197633028030396)
((-0.3604, 0.1742, -1.0125, 19.756924482458974, 0), 27.257835865020752)
((-0.372, 0.178, -1.0551, 29.859016164923116, 0), 27.318619966506958)
((-0.3559, 0.172, -1.0093, 183.93976921293259, 0), 27.38051986694336)
((-0.3684, 0.178, -1.0449, 59.546048722533612, 0), 27.438930988311768)
((-0.3626, 0.1787, -1.0383, 158.32812106806028, 0), 27.496906995773315)
((-0.3637, 0.1775, -1.0416, 131.16773025380525, 0), 27.558557987213135)
((-0.3454, 0.171, -0.9939, 147.13559511679168, 0), 27.614304065704346)
((-0.3454, 0.1693, -0.9939, 57.31306345898934, 0), 27.66922092437744)
((-0.362, 0.181, -1.0416, 29.390342935448057, 0), 27.725915908813477)
((-0.3406, 0.1678, -0.9849, 183.55618109425507, 0), 27.782208919525146)
((-0.3337, 0.171, -0.9939, 35.655328097900338, 0), 27.83510398864746)
((-0.3521, 0.1874, -1.0383, 32.039032171775148, 0), 27.899172067642212)
((-0.325, 0.1767, -0.9879, 172.53480914387862, 0), 27.976979970932007)
((-0.3252, 0.1781, -1.0252, 37.28577260570119, 0), 28.03450298309326)
((-0.3183, 0.1729, -1.0252, 70.696307054973374, 0), 28.099178075790405)
((-0.2962, 0.1496, -0.9645, 70.138583446300132, 0), 28.165956020355225)
((-0.2927, 0.1511, -0.9532, 59.139108311650503, 0), 28.23360586166382)
((-0.2918, 0.1434, -0.9449, 52.321234004795734, 0), 28.29346990585327)
((-0.2814, 0.1374, -0.9367, 35.978019990973628, 0), 28.349207878112793)
((-0.2891, 0.1311, -0.9261, 50.847891516847575, 0), 28.40868306159973)
((-0.2922, 0.1468, -0.9261, 33.337603061953132, 0), 28.47483801841736)
((-0.3009, 0.1347, -0.9287, 28.096335885341311, 0), 28.53187108039856)
((-0.3016, 0.1264, -0.9261, 22.150972659179814, 0), 28.596091985702515)
((-0.312, 0.1244, -0.934, 13.395103173216977, 0), 28.656759023666382)
((-0.3233, 0.1076, -0.9394, 3.9516544813823247, 0), 28.715424060821533)
((-0.3485, 0.115, -0.9476, 312.80583264740136, 0), 28.775532007217407)
((-0.3622, 0.1131, -0.9588, 275.73092520886519, 0), 28.830096006393433)
((-0.3769, 0.0961, -0.9673, 258.83099700826767, 0), 28.893810987472534)
((-0.387, 0.1211, -0.9849, 252.23356194377763, 0), 28.952368021011353)
((-0.4081, 0.1061, -1.0, 239.01043068418866, 0), 29.01147198677063)
((-0.423, 0.0923, -1.0156, 237.47765648559059, 0), 29.08068299293518)
((-0.4315, 0.092, -1.0317, 234.56009648088627, 0), 29.140769958496094)
((-0.4405, 0.0914, -1.0449, 230.89119958607208, 0), 29.19819188117981)
((-0.4448, 0.0923, -1.0551, 229.20465687243163, 0), 29.25088405609131)
((-0.4492, 0.0968, -1.0655, 226.40071380580471, 0), 29.305717945098877)
((-0.4503, 0.1101, -1.0725, 220.50109226462726, 0), 29.366023063659668)
((-0.4533, 0.1054, -1.0796, 217.77017441523526, 0), 29.423065900802612)
((-0.453, 0.1076, -1.0832, 214.22825995839656, 0), 29.484281063079834)
((-0.4472, 0.1282, -1.0868, 213.87796587162765, 0), 29.543431997299194)
((-0.4579, 0.1138, -1.0904, 204.2496987742343, 0), 29.60609006881714)
((-0.4554, 0.1313, -1.0978, 205.01269997891163, 0), 29.661934852600098)
((-0.4505, 0.136, -1.0904, 199.87864125626757, 0), 29.717793941497803)
((-0.4517, 0.1443, -1.0978, 192.39540683375844, 0), 29.774523973464966)
((-0.4524, 0.1378, -1.0904, 189.17922107836978, 0), 29.837764978408813)
((-0.4594, 0.1309, -1.0941, 187.32317289905365, 0), 29.889132022857666)
((-0.4508, 0.1374, -1.0868, 202.84551174801166, 0), 29.95186996459961)
((-0.4554, 0.1487, -1.076, 160.85186254206062, 0), 30.011728048324585)
((-0.4557, 0.1446, -1.0725, 341.56505117707758, 0), 30.069998025894165)
((-0.4578, 0.1478, -1.069, 329.27251338440027, 0), 30.124589920043945)
((-0.4534, 0.1571, -1.0585, 0.26773533870217875, 0), 30.18401288986206)
((-0.4596, 0.1626, -1.0483, 2.9133024787886344, 0), 30.23526906967163)
((-0.4581, 0.1586, -1.0449, 347.80304527319822, 0), 30.294118881225586)
((-0.4677, 0.1641, -1.035, 353.10171157651854, 0), 30.353219985961914)
((-0.4679, 0.1653, -1.0317, 344.56126963038923, 0), 30.412163972854614)
((-0.4724, 0.1684, -1.0188, 352.24302904402509, 0), 30.470764875411987)
((-0.4724, 0.1736, -1.0188, 342.37770277133171, 0), 30.530724048614502)
((-0.4762, 0.1759, -1.0125, 343.44790351186612, 0), 30.58752703666687)
((-0.4767, 0.1868, -1.0062, 341.13641244437588, 0), 30.646563053131104)
((-0.4786, 0.1787, -1.0284, 343.25054770567567, 0), 30.70394992828369)
((-0.4807, 0.1897, -1.022, 320.06361685303011, 0), 30.764824867248535)
((-0.484, 0.192, -1.0252, 321.26057746711751, 0), 30.82401704788208)
((-0.4798, 0.1942, -1.0093, 307.25726333236213, 0), 30.889045000076294)
((-0.4897, 0.1902, -1.0156, 334.78814077670154, 0), 30.952900886535645)
((-0.4967, 0.1879, -1.0125, 306.44705824117347, 0), 31.01130700111389)
((-0.5018, 0.1931, -1.0125, 284.53445508054006, 0), 31.06514286994934)
((-0.5019, 0.1942, -1.0093, 282.09475707701205, 0), 31.12630605697632)
((-0.5069, 0.1948, -1.0125, 277.09757584356987, 0), 31.18915891647339)
((-0.5169, 0.196, -1.0188, 258.21655946724491, 0), 31.2504780292511)
((-0.5163, 0.1911, -0.9849, 284.07143743126016, 0), 31.309210062026978)
((-0.528, 0.1889, -0.9819, 316.18200105495174, 0), 31.36557698249817)
((-0.5264, 0.1883, -0.979, 314.54059351488542, 0), 31.421762943267822)
((-0.5296, 0.1872, -0.9819, 303.03251010486957, 0), 31.480754852294922)
((-0.5297, 0.1845, -0.976, 310.18482175513765, 0), 31.546612977981567)
((-0.5282, 0.185, -0.9702, 317.88296345253957, 0), 31.604191064834595)
((-0.5267, 0.1823, -0.9645, 328.0311574626723, 0), 31.666738986968994)
((-0.5267, 0.1823, -0.9645, 331.03233935393609, 0), 31.727484941482544)
((-0.5269, 0.1818, -0.9532, 337.58385252065636, 0), 31.785168886184692)
((-0.5238, 0.1796, -0.9504, 351.33261282004446, 0), 31.837836027145386)
((-0.5239, 0.1823, -0.9476, 347.73522627210752, 0), 31.891536951065063)
((-0.5224, 0.1812, -0.9421, 6.8164244701273642, 0), 31.95319700241089)
((-0.4899, 0.1849, -0.9055, 6.1867669368920781, 0), 32.01326394081116)
((-1.1424, 0.4, -2.0791, 27.457900137654949, 0), 32.06732892990112)
((-0.5161, 0.1924, -0.9421, 209.04931175681844, 0), 32.134450912475586)
((-0.5193, 0.1892, -0.9421, 23.296952270259329, 0), 32.1903018951416)
((-0.5118, 0.1713, -0.9314, 18.28134120297247, 0), 32.24692106246948)
((-0.5104, 0.1625, -0.9261, 24.234942376013539, 0), 32.31397485733032)
((-0.5077, 0.156, -0.9157, 31.335399619443091, 0), 32.386234998703)
((0.0, 0.1, 0.0, 0.0, 1), 32.423465967178345)
((0.0, 0.1, 0.0, 0.0, 1), 32.46045398712158)
((0.0, 0.1, 0.0, 0.0, 1), 32.49766397476196)
((0.0, 0.1, 0.0, 0.0, 1), 32.54631185531616)
((-0.507, 0.1378, -0.898, 24.890213186548607, 0), 32.60491394996643)
((0.0, 0.1, 0.0, 0.0, 1), 32.64251899719238)
((-0.5015, 0.1303, -0.8882, 18.815301458118864, 0), 32.700132846832275)
((-0.5015, 0.1273, -0.8882, 21.194056481542251, 0), 32.757225036621094)
((-0.5001, 0.1299, -0.8858, 326.15734753643625, 0), 32.81734895706177)
((0.0, 0.1, 0.0, 0.0, 1), 32.88345289230347)
((-0.48, 0.1432, -0.8578, 28.291592564802983, 0), 32.95062804222107)
((-0.4789, 0.1367, -0.8533, 23.182182788004763, 0), 33.01301693916321)
((-0.4818, 0.1194, -0.8533, 24.463396849406667, 0), 33.06928300857544)
((-0.4803, 0.1295, -0.8533, 21.012926894298101, 0), 33.12542700767517)
((-0.4778, 0.1216, -0.8488, 22.463212489407098, 0), 33.188950061798096)
((-0.4905, 0.1016, -0.8739, 24.081573837423214, 0), 33.24753403663635)
((-0.4875, 0.1016, -0.8739, 34.397386894524054, 0), 33.3003089427948)
((-0.4604, 0.0931, -0.8379, 44.392646995190418, 0), 33.35334491729736)
((-0.4726, 0.09, -0.8762, 39.25216957603191, 0), 33.41039705276489)
((-0.415, 0.0814, -0.8488, 70.756369664624401, 0), 33.46714496612549)
((-0.3976, 0.0851, -0.8422, 82.116860683270232, 0), 33.53887391090393)
((-0.3998, 0.0897, -0.8882, 82.225399471613301, 0), 33.59779095649719)
((-0.366, 0.0842, -0.8931, 113.05507700035464, 0), 33.65646004676819)
((-0.3347, 0.0861, -0.898, 109.19844811583023, 0), 33.724173069000244)
((-0.2925, 0.079, -0.903, 108.97376472080475, 0), 33.790565967559814)
((-0.2323, 0.0696, -0.8444, 98.360887582757329, 0), 33.85721302032471)
((-0.2055, 0.0702, -0.8882, 83.406125292892412, 0), 33.92331790924072)
((-0.162, 0.0659, -0.8336, 101.16288746900217, 0), 33.99288606643677)
((-0.1394, 0.0648, -0.8762, 82.190386754551767, 0), 34.045724868774414)
((-0.1101, 0.0641, -0.8669, 95.677657433999059, 0), 34.09861207008362)
((-0.0962, 0.0578, -0.86, 94.910397186887508, 0), 34.153939962387085)
((-0.0703, 0.0581, -0.8444, 84.69328661554998, 0), 34.217397928237915)
((-0.045, 0.0497, -0.8231, 80.647686559254097, 0), 34.27368998527527)
((-0.0351, 0.0493, -0.8169, 75.503988320902977, 0), 34.32927107810974)
((-0.0182, 0.0457, -0.8008, 71.504971737881561, 0), 34.38928294181824)
((-0.0086, 0.0367, -0.7835, 78.489499688830293, 0), 34.450658082962036)
((-0.0046, 0.0324, -0.776, 61.998545225194768, 0), 34.507431983947754)
((-0.0045, 0.0296, -0.7705, 69.900070764031625, 0), 34.56500196456909)
((-0.0071, 0.023, -0.7687, 51.919761107916678, 0), 34.621201038360596)
((-0.0161, 0.0151, -0.7651, 46.366638089814238, 0), 34.67753291130066)
((-0.0331, 0.014, -0.7723, 40.16591715565243, 0), 34.73690390586853)
((-0.0383, 0.01, -0.7705, 27.291474726383264, 0), 34.798722982406616)
((-0.0533, 0.0075, -0.7816, 7.2590413196861956, 0), 34.85690188407898)
((-0.0766, 0.0009, -0.7911, 332.72524010592366, 0), 34.91472601890564)
((-0.0944, -0.0018, -0.8068, 279.43050006216509, 0), 34.96856904029846)
((-0.1017, -0.0032, -0.8108, 254.80705485196503, 0), 35.02686095237732)
((-0.1249, -0.0088, -0.8294, 250.28265514811187, 0), 35.08880805969238)
((-0.1407, -0.0119, -0.8488, 243.93199683656579, 0), 35.15405797958374)
((-0.1631, -0.0107, -0.8692, 239.0551675384196, 0), 35.212610960006714)
((-0.1871, -0.008, -0.8931, 234.69527569103877, 0), 35.27054405212402)
((-0.1903, -0.0019, -0.8533, 231.88880995651084, 0), 35.32952094078064)
((-0.211, -0.0019, -0.8739, 241.42124216380216, 0), 35.385565996170044)
((-0.2402, 0.0026, -0.9005, 239.6600512217085, 0), 35.44318890571594)
((-0.2511, 0.0011, -0.9182, 236.22918875701924, 0), 35.50201106071472)
((-0.2727, -0.0133, -0.9449, 234.59050047184914, 0), 35.56104397773743)
((-0.2932, -0.0054, -0.976, 231.89608419465353, 0), 35.61819791793823)
((-0.3107, 0.0012, -1.0062, 228.94206401338414, 0), 35.67200303077698)
((-0.3104, 0.0185, -1.022, 227.20394234427613, 0), 35.74191188812256)
((-0.317, 0.0209, -1.0551, 223.95004494473602, 0), 35.810879945755005)
((-0.3335, 0.0273, -1.0978, 218.72444696709272, 0), 35.872010946273804)
((-0.3455, 0.0333, -1.1128, 210.35686915055769, 0), 35.928987979888916)
((-0.3514, 0.0478, -1.1441, 209.37938361211576, 0), 35.98607087135315)
((-0.3432, 0.0568, -1.1687, 204.53603593907641, 0), 36.057636976242065)
((-0.3488, 0.0742, -1.1944, 200.18669193630541, 0), 36.11062502861023)
((-0.3473, 0.0869, -1.2033, 196.96223113014759, 0), 36.166332960128784)
((-0.351, 0.1014, -1.2305, 193.38795389559706, 0), 36.23149585723877)
((-0.3501, 0.1029, -1.2494, 190.18566314389832, 0), 36.28458905220032)
((-0.354, 0.1205, -1.2789, 189.90301889337192, 0), 36.34840393066406)
((-0.3582, 0.1345, -1.3097, 189.38757779244403, 0), 36.41989588737488)
((0.0, 0.1, 0.0, 0.0, 1), 36.46162486076355)
((-0.3655, 0.1504, -1.3533, 186.64864518326891, 0), 36.52748394012451)
((-0.3601, 0.1763, -1.3762, 184.75378350439655, 0), 36.584697008132935)
((-0.3569, 0.1959, -1.3998, 182.14666100959298, 0), 36.64151191711426)
((-0.3529, 0.2, -1.412, 183.39262046354071, 0), 36.6988160610199)
((0.0, 0.1, 0.0, 0.0, 1), 36.74103307723999)
((-0.3373, 0.2351, -1.4369, 181.07943429476165, 0), 36.80138897895813)
((0.0, 0.1, 0.0, 0.0, 1), 36.843666076660156)
((-0.3174, 0.2653, -1.4562, 177.54876631250588, 0), 36.911705017089844)
((-0.3079, 0.2876, -1.4693, 171.53255422115083, 0), 36.9737389087677)
((-0.2943, 0.3039, -1.476, 169.13670158819065, 0), 37.03339695930481)
((-0.2819, 0.3314, -1.476, 163.14886274793994, 0), 37.087849855422974)
((-0.2597, 0.3606, -1.4627, 155.35389883551926, 0), 37.138948917388916)
((0.0, 0.1, 0.0, 0.0, 1), 37.18530607223511)
((-0.2463, 0.3762, -1.4562, 135.95839018876887, 0), 37.23937106132507)
((-0.2414, 0.3885, -1.4562, 125.10674657664578, 0), 37.290003061294556)
((-0.2295, 0.4022, -1.4433, 116.02679768439414, 0), 37.34551191329956)
((-0.2247, 0.4071, -1.4433, 104.23272279515415, 0), 37.41234588623047)
((-0.1928, 0.4584, -1.4059, 93.253098340173693, 0), 37.47065186500549)
((-0.1857, 0.4666, -1.3879, 68.016473530394592, 0), 37.527920961380005)
((-0.1888, 0.4615, -1.3938, 56.331578026263188, 0), 37.58446002006531)
((0.0, 0.1, 0.0, 0.0, 1), 37.621888875961304)
((-0.1833, 0.4491, -1.3704, 52.076170853903854, 0), 37.681697845458984)
((-0.1788, 0.4504, -1.3533, 43.036662759877181, 0), 37.743102073669434)
((-0.1742, 0.4527, -1.3533, 36.482485373128426, 0), 37.80319094657898)
((-0.1736, 0.4498, -1.3312, 35.018170712266837, 0), 37.86039590835571)
((0.0, 0.1, 0.0, 0.0, 1), 37.90295100212097)
((0.0, 0.1, 0.0, 0.0, 1), 37.946717977523804)
((0.0, 0.1, 0.0, 0.0, 1), 37.98531103134155)
((0.0, 0.1, 0.0, 0.0, 1), 38.01941394805908)
((0.0, 0.1, 0.0, 0.0, 1), 38.05947804450989)
((0.0, 0.1, 0.0, 0.0, 1), 38.10504698753357)
((0.0, 0.1, 0.0, 0.0, 1), 38.15556192398071)
((0.0, 0.1, 0.0, 0.0, 1), 38.195271015167236)
((0.0, 0.1, 0.0, 0.0, 1), 38.24101185798645)
((0.0, 0.1, 0.0, 0.0, 1), 38.28692889213562)
((0.0, 0.1, 0.0, 0.0, 1), 38.32203388214111)
((0.0, 0.1, 0.0, 0.0, 1), 38.35797095298767)
((0.0, 0.1, 0.0, 0.0, 1), 38.394871950149536)
((0.0, 0.1, 0.0, 0.0, 1), 38.433979988098145)
((0.0, 0.1, 0.0, 0.0, 1), 38.4706130027771)
((0.0, 0.1, 0.0, 0.0, 1), 38.508238077163696)
((0.0, 0.1, 0.0, 0.0, 1), 38.543951988220215)
((0.0, 0.1, 0.0, 0.0, 1), 38.581740856170654)
((0.0, 0.1, 0.0, 0.0, 1), 38.61648201942444)
((0.0, 0.1, 0.0, 0.0, 1), 38.65525794029236)
((0.0, 0.1, 0.0, 0.0, 1), 38.69340991973877)
((0.0, 0.1, 0.0, 0.0, 1), 38.732791900634766)
((0.0, 0.1, 0.0, 0.0, 1), 38.77035689353943)
((0.0, 0.1, 0.0, 0.0, 1), 38.809958934783936)
((0.0, 0.1, 0.0, 0.0, 1), 38.85047507286072)
((0.0, 0.1, 0.0, 0.0, 1), 38.885071992874146)
((0.0, 0.1, 0.0, 0.0, 1), 38.929954051971436)
((0.0, 0.1, 0.0, 0.0, 1), 38.96665596961975)
((0.0, 0.1, 0.0, 0.0, 1), 39.00587701797485)
((0.0, 0.1, 0.0, 0.0, 1), 39.053565979003906)
((-0.1525, 0.3813, -1.1401, 28.475404200554948, 0), 39.11788201332092)
((-0.1509, 0.3736, -1.1282, 14.24946914015014, 0), 39.189427852630615)
((-0.1515, 0.3691, -1.1321, 13.181722801911528, 0), 39.250303983688354)
((-0.1466, 0.3666, -1.1243, 8.5778308301269561, 0), 39.31068801879883)
((-0.1461, 0.3653, -1.1205, 8.4372094131125941, 0), 39.3705689907074)
((-0.1433, 0.3609, -1.1128, 8.8800196244572422, 0), 39.428467988967896)
((-0.1409, 0.3447, -1.109, 8.8263709542279134, 0), 39.48742485046387)
((-0.1372, 0.3372, -1.109, 8.8184052651429194, 0), 39.54793906211853)
((-0.1349, 0.3304, -1.1052, 8.612174407384785, 0), 39.62511086463928)
((-0.1229, 0.3133, -1.0978, 9.7170232139869857, 0), 39.6886990070343)
((-0.1312, 0.3076, -1.0904, 34.982928516706657, 0), 39.74871802330017)
((-0.1261, 0.2938, -1.0941, 27.526904642548661, 0), 39.81024694442749)
((-0.1161, 0.2789, -1.0868, 33.75960120484455, 0), 39.86515998840332)
((-0.1107, 0.2734, -1.0868, 39.122607393356816, 0), 39.91858506202698)
((-0.1168, 0.2598, -1.076, 46.409307973533984, 0), 39.98296093940735)
((-0.1038, 0.2553, -1.0725, 35.757988598704173, 0), 40.0460319519043)
((-0.1088, 0.2509, -1.069, 45.467074812314209, 0), 40.11293601989746)
((-0.0998, 0.2364, -1.069, 35.374751843876048, 0), 40.177741050720215)
((-0.0995, 0.2356, -1.0655, 44.116124013622461, 0), 40.23300790786743)
((-0.0897, 0.2226, -1.0551, 35.921759164606442, 0), 40.29949498176575)
((-0.0914, 0.2101, -1.0551, 49.61543133922391, 0), 40.355857849121094)
((-0.079, 0.194, -1.0551, 41.660883804512991, 0), 40.414942026138306)
((-0.077, 0.1827, -1.0517, 49.487851861541614, 0), 40.47371697425842)
((-0.0783, 0.178, -1.0449, 43.834258393698903, 0), 40.53227090835571)
((-0.073, 0.1692, -1.0449, 51.068992542904141, 0), 40.5953209400177)
((-0.062, 0.1699, -1.0383, 48.13635836833253, 0), 40.651447057724)
((-0.0605, 0.1563, -1.0416, 56.735810008694919, 0), 40.71006393432617)
((-0.0585, 0.1541, -1.0383, 55.115752173422401, 0), 40.76731991767883)
((-0.0533, 0.147, -1.0383, 56.439122287807287, 0), 40.824042081832886)
((-0.0477, 0.1426, -1.0317, 65.22485943116817, 0), 40.87604904174805)
((-0.0408, 0.1391, -1.0317, 61.832326144102915, 0), 40.9276978969574)
((-0.0338, 0.1491, -1.0284, 58.509803953281533, 0), 40.98028302192688)
((-0.0339, 0.1356, -1.0317, 61.659713552041133, 0), 41.037370920181274)
((-0.0286, 0.1265, -1.0284, 73.442928624363489, 0), 41.09271001815796)
((-0.02, 0.1286, -1.0317, 69.613845400419208, 0), 41.14706897735596)
((-0.0182, 0.1252, -1.0317, 81.069409899581146, 0), 41.2119460105896)
((-0.0113, 0.123, -1.0284, 76.827446576673083, 0), 41.26306390762329)
((-0.0043, 0.1195, -1.0284, 78.154173056258671, 0), 41.32299184799194)
((0.0009, 0.1192, -1.0252, 78.577678930397695, 0), 41.39119791984558)
((0.0078, 0.1182, -1.0317, 82.382191223164, 0), 41.447887897491455)
((0.0113, 0.1178, -1.0284, 90.0, 0), 41.50947284698486)
((0.0252, 0.1129, -1.0317, 90.0, 0), 41.56799101829529)
((0.0252, 0.1112, -1.0317, 90.0, 0), 41.62495994567871)
((0.0357, 0.1098, -1.035, 93.510027519384948, 0), 41.68312191963196)
((0.0391, 0.1147, -1.0317, 93.390580122965943, 0), 41.74871587753296)
((0.046, 0.1025, -1.0317, 90.0, 0), 41.81023907661438)
((0.0514, 0.101, -1.035, 93.296115972546374, 0), 41.86273694038391)
((0.0671, 0.101, -1.035, 96.757578306561598, 0), 41.924577951431274)
((0.0653, 0.094, -1.035, 98.420695532015671, 0), 41.98774695396423)
((0.0708, 0.0908, -1.0383, 93.284676368119733, 0), 42.055845975875854)
((0.0758, 0.087, -1.035, 99.446706024298607, 0), 42.115665912628174)
((0.0795, 0.0856, -1.0383, 93.731396999160296, 0), 42.17067790031433)
((0.081, 0.0835, -1.035, 96.930133496663117, 0), 42.227972984313965)
((0.088, 0.08, -1.035, 90.0, 0), 42.28289198875427)
((0.0882, 0.0785, -1.0383, 93.860732624883056, 0), 42.34670400619507)
((0.0897, 0.0748, -1.035, 98.888942478424482, 0), 42.4158239364624)
((0.0949, 0.0713, -1.035, 90.0, 0), 42.47509288787842)
((0.0967, 0.0678, -1.035, 90.0, 0), 42.53485298156738)
((0.0946, 0.0658, -1.0317, 90.0, 0), 42.598772048950195)
((0.0964, 0.0641, -1.0317, 74.500724623499309, 0), 42.66682505607605)
((0.0961, 0.0604, -1.0284, 80.898875714765282, 0), 42.72583603858948)
((0.1013, 0.0412, -1.0284, 59.188760710649703, 0), 42.781656980514526)
((0.0958, 0.0446, -1.0252, 71.989456596439624, 0), 42.835654973983765)
((0.0986, 0.0426, -1.0188, 38.516926307102679, 0), 42.900683879852295)
((0.0969, 0.034, -1.0188, 28.072486935852847, 0), 42.96050405502319)
((0.1003, 0.0322, -1.0188, 23.962488974578193, 0), 43.016780853271484)
((0.0983, 0.0287, -1.0156, 18.434948822922031, 0), 43.07511591911316)
((0.1028, 0.0268, -1.0093, 4.714754518704992, 0), 43.133405923843384)
((0.0991, 0.0182, -1.0062, 20.106234798359356, 0), 43.19892191886902)
((0.1106, 0.0182, -1.0031, 6.0440921622410766, 0), 43.270052909851074)
((0.1092, 0.0431, -0.9909, 29.817993693898536, 0), 43.32175588607788)
((0.1039, 0.0095, -0.9879, 11.896358050267438, 0), 43.37481093406677)
((0.1036, 0.0095, -0.9849, 12.252018656973801, 0), 43.42993688583374)
((0.1063, 0.0045, -0.979, 8.3902134746058188, 0), 43.48831796646118)
((0.1053, -0.0005, -0.9702, 13.288654134762043, 0), 43.54298186302185)
((0.1086, -0.0054, -0.9702, 5.8739615161919447, 0), 43.601266860961914)
((0.1109, -0.0005, -0.9616, 12.782445337211707, 0), 43.658894062042236)
((0.1051, -0.0102, -0.9532, 9.6375381129309261, 0), 43.71615290641785)
((0.1048, -0.0133, -0.9504, 6.4588163787186703, 0), 43.77686786651611)
((0.1165, -0.0196, -0.9421, 353.71947890478623, 0), 43.84424591064453)
((0.1033, -0.0195, -0.9367, 8.5077990696357126, 0), 43.901057958602905)
((0.1124, -0.0226, -0.934, 359.32859581715002, 0), 43.9543559551239)
((0.1021, -0.0302, -0.9261, 9.8087915083707937, 0), 44.01239204406738)
((0.1114, -0.0302, -0.9261, 355.46051905724539, 0), 44.072839975357056)
((0.1089, -0.03, -0.9182, 7.8752943411488445, 0), 44.13299608230591)
((0.1043, -0.0424, -0.9182, 0.33054890681393473, 0), 44.19798398017883)
((0.1099, -0.0314, -0.9131, 351.35306829204694, 0), 44.249913930892944)
((0.1096, -0.0359, -0.9105, 6.8258703411831414, 0), 44.305115938186646)
((0.1059, -0.0449, -0.9055, 6.8597600055258008, 0), 44.36079406738281)
((0.1117, -0.0371, -0.903, 343.84805928536906, 0), 44.41883587837219)
((0.1171, -0.0339, -0.898, 13.996232455217314, 0), 44.475544929504395)
((0.109, -0.0648, -0.9055, 7.4382118874821677, 0), 44.531810998916626)
((0.1096, -0.0627, -0.898, 18.518348734199044, 0), 44.58948993682861)
((0.1248, -0.0395, -0.8882, 356.33481535138759, 0), 44.64772295951843)
((0.1307, -0.0779, -0.898, 27.923589715138359, 0), 44.70491600036621)
((0.1319, -0.0444, -0.8955, 52.578535474859777, 0), 44.772104024887085)
((0.1304, -0.0792, -0.8955, 51.340191745909792, 0), 44.834068059921265)
((0.13, -0.079, -0.8931, 54.202596972021617, 0), 44.88997006416321)
((0.13, -0.079, -0.8931, 62.773145819866755, 0), 44.94379687309265)
((0.1296, -0.0788, -0.8906, 61.587338556927385, 0), 44.99983596801758)
((0.1311, -0.0803, -0.8906, 59.374467281305101, 0), 45.05657601356506)
((0.0, 0.1, 0.0, 0.0, 1), 45.0912299156189)
((0.1831, -0.063, -0.881, 56.011830171644313, 0), 45.153992891311646)
((0.1826, -0.0644, -0.8786, 76.976920329395043, 0), 45.20701885223389)
((0.188, -0.0657, -0.8762, 80.569830302355356, 0), 45.258358001708984)
((0.1909, -0.0637, -0.8692, 69.17049475532211, 0), 45.31217002868652)
((0.0, 0.1, 0.0, 0.0, 1), 45.350059032440186)
((0.0, 0.1, 0.0, 0.0, 1), 45.38930296897888)
((0.1918, -0.0499, -0.86, 65.974469482708329, 0), 45.44796800613403)
((0.1966, -0.05, -0.8623, 59.964533995181654, 0), 45.50603008270264)
((0.2013, -0.0631, -0.903, 65.181230443207625, 0), 45.565813064575195)
((0.1883, -0.0638, -0.851, 97.904972748462271, 0), 45.62501502037048)
((0.184, -0.0661, -0.8444, 55.995740201081162, 0), 45.685235023498535)
