((0.0, 0.1, 0.0, 0.0, 1), 0.8763909339904785)
((0.0, 0.1, 0.0, 0.0, 1), 0.9222791194915771)
((0.0, 0.1, 0.0, 0.0, 1), 0.963015079498291)
((0.0, 0.1, 0.0, 0.0, 1), 1.0100431442260742)
((0.0, 0.1, 0.0, 0.0, 1), 1.05326509475708)
((0.0, 0.1, 0.0, 0.0, 1), 1.0931940078735352)
((0.0, 0.1, 0.0, 0.0, 1), 1.1329529285430908)
((0.0, 0.1, 0.0, 0.0, 1), 1.1741759777069092)
((0.0, 0.1, 0.0, 0.0, 1), 1.2159030437469482)
((0.0, 0.1, 0.0, 0.0, 1), 1.2543389797210693)
((0.0, 0.1, 0.0, 0.0, 1), 1.2919399738311768)
((0.0, 0.1, 0.0, 0.0, 1), 1.3293590545654297)
((0.0, 0.1, 0.0, 0.0, 1), 1.370615005493164)
((0.7045, 0.1964, -1.4562, 0, 0), 1.4339990615844727)
((0.7003, 0.1972, -1.4627, 0, 0), 1.5031111240386963)
((0.6849, 0.2087, -1.4562, 212.86867893336759, 0), 1.5579841136932373)
((0.6881, 0.2185, -1.4895, 270.0, 0), 1.6124420166015625)
((0.6907, 0.2226, -1.5172, 206.21990005391373, 0), 1.6671650409698486)
((0.692, 0.2272, -1.5315, 192.74741697599154, 0), 1.7249670028686523)
((0.7061, 0.2274, -1.5684, 189.42530146397678, 0), 1.7867660522460938)
((0.7103, 0.2243, -1.5837, 179.18300326277551, 0), 1.8415110111236572)
((0.7003, 0.2281, -1.5914, 177.39539938212062, 0), 1.9002540111541748)
((0.6969, 0.2216, -1.5837, 181.77932624970705, 0), 1.9591701030731201)
((0.7011, 0.2238, -1.5992, 183.41124150354713, 0), 2.0237860679626465)
((0.6984, 0.2238, -1.5992, 179.6642044043478, 0), 2.0818819999694824)
((0.6964, 0.2249, -1.6071, 174.60694170373992, 0), 2.14054799079895)
((0.6937, 0.2276, -1.6071, 175.96285972463508, 0), 2.19897198677063)
((0.6964, 0.2249, -1.6071, 178.08872550109672, 0), 2.2638680934906006)
((0.691, 0.2249, -1.6071, 176.6690826195499, 0), 2.3254170417785645)
((0.6972, 0.226, -1.6151, 201.31477844734496, 0), 2.392611026763916)
((0.6917, 0.2287, -1.6151, 202.64577305367382, 0), 2.4536659717559814)
((0.6945, 0.2287, -1.6151, 199.9442750947631, 0), 2.5100760459899902)
((0.6917, 0.2287, -1.6151, 184.37079703790741, 0), 2.5698609352111816)
((0.689, 0.2315, -1.6151, 210.59136580864478, 0), 2.6318259239196777)
((0.6809, 0.2369, -1.6151, 210.59136580864507, 0), 2.705662965774536)
((0.6999, 0.2205, -1.6151, 242.7004277886673, 0), 2.7771730422973633)
((0.6823, 0.2327, -1.5684, 142.22431569404543, 0), 2.8389599323272705)
((0.5847, 0.4225, -1.6905, 339.98123960621604, 0), 2.9031219482421875)
((0.5934, 0.439, -1.6994, 231.88326343963371, 0), 2.958595037460327)
((0.6052, 0.4529, -1.7083, 230.91861162821345, 0), 3.0157980918884277)
((0.608, 0.4616, -1.7083, 222.86475242110137, 0), 3.081972122192383)
((0.6199, 0.4785, -1.7173, 222.86475242110137, 0), 3.139907121658325)
((0.6228, 0.4814, -1.7173, 215.08973034044516, 0), 3.1972711086273193)
((0.6228, 0.4814, -1.7173, 212.93312860192481, 0), 3.2579081058502197)
((0.629, 0.484, -1.7264, 209.61793369187038, 0), 3.31938099861145)
((0.6416, 0.4774, -1.7449, 212.49783219571157, 0), 3.3853659629821777)
((0.6475, 0.4715, -1.7449, 192.98513309101614, 0), 3.44553804397583)
((0.6504, 0.4656, -1.7449, 130.90048659659814, 0), 3.5096499919891357)
((0.6539, 0.4621, -1.7543, 128.59846375985023, 0), 3.5652670860290527)
((0.6598, 0.4592, -1.7543, 133.36687742476715, 0), 3.621213912963867)
((0.6534, 0.4479, -1.7449, 131.60606593684739, 0), 3.7086570262908936)
((0.6563, 0.439, -1.7449, 129.48444766687638, 0), 3.76780104637146)
((0.6475, 0.439, -1.7449, 129.48444766687638, 0), 3.8219540119171143)
((0.651, 0.4146, -1.7543, 138.17376257996168, 0), 3.885106086730957)
((0.591, 0.3827, -1.7173, 141.74314443074198, 0), 3.9398300647735596)
((0.591, 0.3739, -1.7173, 298.6104596659651, 0), 3.9969639778137207)
((0.5621, 0.3565, -1.7173, 296.035304442285, 0), 4.057754993438721)
((0.5448, 0.3275, -1.7173, 287.35771923127243, 0), 4.1189000606536865)
((0.5048, 0.2723, -1.6994, 288.73377120565681, 0), 4.178677082061768)
((0.4733, 0.2522, -1.6994, 289.50381704187532, 0), 4.240358114242554)
((0.4413, 0.2448, -1.7083, 284.17837920073828, 0), 4.301427125930786)
((0.4247, 0.2407, -1.6994, 279.66099515348714, 0), 4.362530946731567)
((0.3665, 0.2101, -1.7083, 281.54217800127935, 0), 4.4234089851379395)
((0.3396, 0.1938, -1.7173, 279.18450685767783, 0), 4.4841930866241455)
((0.2571, 0.1861, -1.7264, 270.0, 0), 4.550861120223999)
((0.2413, 0.1589, -1.7173, 268.43886624428222, 0), 4.619077920913696)
((0.2118, 0.1518, -1.7356, 270.0, 0), 4.679250001907349)
((0.1747, 0.1497, -1.7449, 266.8544770141105, 0), 4.741286993026733)
((0.1558, 0.1423, -1.7638, 262.15197288254598, 0), 4.806162118911743)
((0.144, 0.1394, -1.7638, 258.53398642541009, 0), 4.8661510944366455)
((0.1125, 0.1439, -1.7831, 259.42573165808847, 0), 4.923288106918335)
((0.0956, 0.1608, -1.8029, 254.9920788769864, 0), 4.984513998031616)
((0.0839, 0.1647, -1.8129, 250.75047412731828, 0), 5.044134140014648)
((0.0721, 0.1749, -1.823, 249.50045463042738, 0), 5.1052000522613525)
((0.0686, 0.177, -1.8129, 242.42813992132, 0), 5.165945053100586)
((0.0667, 0.1925, -1.8437, 241.0327928298874, 0), 5.235877990722656)
((0.0636, 0.2081, -1.8437, 233.31376234254395, 0), 5.302312135696411)
((0.064, 0.2249, -1.8542, 228.35365928297745, 0), 5.3629889488220215)
((0.0679, 0.2497, -1.8755, 225.44024430688117, 0), 5.424376010894775)
((0.071, 0.2688, -1.8755, 214.2661805115869, 0), 5.4868669509887695)
((0.0746, 0.2895, -1.8864, 204.18647895226906, 0), 5.560961008071899)
((0.0742, 0.31, -1.8755, 194.11694169556958, 0), 5.624002933502197)
((0.0675, 0.3303, -1.8648, 188.80805158265414, 0), 5.683002948760986)
((0.0577, 0.3379, -1.8542, 186.28000712569977, 0), 5.742804050445557)
((0.0419, 0.3484, -1.8437, 194.78452740016255, 0), 5.815398931503296)
((0.029, 0.3365, -1.8129, 270.0, 0), 5.870176076889038)
((0.0261, 0.3445, -1.823, 311.67462629941838, 0), 5.933917999267578)
((0.0106, 0.3316, -1.8029, 309.46186031474679, 0), 5.990833044052124)
((-0.0015, 0.3267, -1.7929, 321.71751411971866, 0), 6.052726984024048)
((-0.0226, 0.3146, -1.7929, 318.72579928732478, 0), 6.1115570068359375)
((-0.0255, 0.3008, -1.7831, 313.8884751506863, 0), 6.170428037643433)
((-0.0287, 0.2994, -1.7929, 312.82374788345544, 0), 6.233103036880493)
((-0.0373, 0.2841, -1.7734, 306.7744842793997, 0), 6.294306993484497)
((-0.0465, 0.2676, -1.7831, 310.38203894899266, 0), 6.35690712928772)
((-0.0522, 0.2541, -1.7734, 304.43143116362984, 0), 6.419711112976074)
((-0.0522, 0.2481, -1.7734, 295.94075337382759, 0), 6.476978063583374)
((-0.0492, 0.2361, -1.7734, 302.35266581633033, 0), 6.544960975646973)
((-0.0549, 0.2319, -1.7638, 296.25763210426459, 0), 6.604701995849609)
((-0.0549, 0.2259, -1.7638, 298.58790227362152, 0), 6.6677539348602295)
((-0.0612, 0.2151, -1.7734, 312.01659996777181, 0), 6.722738981246948)
((-0.0698, 0.205, -1.7638, 285.20078417262829, 0), 6.778666973114014)
((-0.0782, 0.195, -1.7543, 305.29960805605413, 0), 6.833828926086426)
((-0.0866, 0.1881, -1.7449, 295.03222960715391, 0), 6.890439987182617)
((-0.1037, 0.1782, -1.7356, 313.60995374379098, 0), 6.947423934936523)
((-0.1183, 0.1636, -1.7356, 306.27794603338515, 0), 7.010923147201538)
((-0.1387, 0.1518, -1.7356, 299.76354745673569, 0), 7.068846940994263)
((-0.1475, 0.1459, -1.7356, 292.89658825562265, 0), 7.124792098999023)
((-0.1738, 0.1313, -1.7356, 286.93736108390448, 0), 7.181761980056763)
((-0.1961, 0.1276, -1.7264, 283.34254125066684, 0), 7.239565134048462)
((-0.2027, 0.1205, -1.7083, 289.20865484615149, 0), 7.2961859703063965)
((-0.2298, 0.1153, -1.7173, 292.66576766175194, 0), 7.352805137634277)
((-0.25, 0.1124, -1.7173, 283.71566116489623, 0), 7.409418106079102)
((-0.2602, 0.109, -1.7083, 279.58737232189725, 0), 7.480119943618774)
((-0.2847, 0.1066, -1.7173, 279.89516007802416, 0), 7.5424580574035645)
((-0.2933, 0.1008, -1.7173, 276.27593764976916, 0), 7.597465991973877)
((-0.3065, 0.1043, -1.7264, 276.75068864002486, 0), 7.651463985443115)
((-0.3245, 0.1024, -1.7449, 273.31153514868123, 0), 7.705587148666382)
((-0.3274, 0.1054, -1.7449, 266.46864061311089, 0), 7.7603230476379395)
((-0.3333, 0.1024, -1.7449, 261.97989367445086, 0), 7.81492805480957)
((-0.338, 0.103, -1.7543, 254.34473621267037, 0), 7.878334045410156)
((-0.341, 0.106, -1.7543, 251.12139803453067, 0), 7.938615083694458)
((-0.3399, 0.1125, -1.7638, 247.87366519062678, 0), 8.011589050292969)
((-0.3358, 0.1221, -1.7734, 235.14813790279834, 0), 8.083434104919434)
((-0.3339, 0.1304, -1.7638, 222.3295575793492, 0), 8.143373012542725)
((-0.3298, 0.1311, -1.7734, 221.12480503397256, 0), 8.206670045852661)
((-0.325, 0.1423, -1.7638, 206.36966990708129, 0), 8.263337135314941)
((-0.3144, 0.1535, -1.7543, 181.5154079000221, 0), 8.32091999053955)
((-0.3115, 0.1653, -1.7543, 125.8698235177215, 0), 8.377087116241455)
((-0.3085, 0.1683, -1.7543, 113.32535088097603, 0), 8.433962106704712)
((-0.2951, 0.1822, -1.7449, 90.0, 0), 8.49727201461792)
((-0.2892, 0.1674, -1.7449, 78.4262545830194, 0), 8.554932117462158)
((-0.2848, 0.1929, -1.7356, 69.555497364056691, 0), 8.609624147415161)
((-0.2804, 0.2036, -1.7264, 53.455027677177412, 0), 8.668456077575684)
((-0.2673, 0.217, -1.7173, 55.043933473625408, 0), 8.739176988601685)
((-0.2615, 0.2258, -1.7173, 48.088850535231074, 0), 8.81320309638977)
((-0.2516, 0.2419, -1.7083, 53.785298717884615, 0), 8.873531103134155)
((-0.2487, 0.2448, -1.7083, 53.777817386137194, 0), 8.93133807182312)
((-0.2417, 0.2493, -1.6994, 53.777817386137173, 0), 8.987848043441772)
((-0.2417, 0.2608, -1.6994, 50.584709537722496, 0), 9.047070026397705)
((-0.2351, 0.2568, -1.6732, 49.567013437785178, 0), 9.113239049911499)
((-0.2323, 0.2624, -1.6732, 37.035750029119022, 0), 9.172950983047485)
((-0.2323, 0.2653, -1.6732, 40.075450299881027, 0), 9.244919061660767)
((-0.2295, 0.2681, -1.6732, 42.117848309375837, 0), 9.30663514137268)
((-0.2311, 0.2695, -1.6646, 40.60129464500443, 0), 9.362661123275757)
((-0.2311, 0.2723, -1.6646, 29.978501937053512, 0), 9.425636053085327)
((-0.2339, 0.2695, -1.6646, 25.131628302485666, 0), 9.47956109046936)
((-0.2343, 0.264, -1.6478, 18.709840789493185, 0), 9.545918941497803)
((-0.2343, 0.264, -1.6478, 8.161190674226658, 0), 9.6039400100708)
((-0.2359, 0.2655, -1.6395, 8.161190674226658, 0), 9.689736127853394)
((-0.2359, 0.2599, -1.6395, 358.64011820907058, 0), 9.759590148925781)
((-0.2347, 0.2531, -1.6313, 353.9025064224906, 0), 9.822988986968994)
((-0.2402, 0.2503, -1.6313, 356.72172362046354, 0), 9.896553993225098)
((-0.2402, 0.2476, -1.6313, 345.67454865985388, 0), 9.968804121017456)
((-0.2402, 0.242, -1.6313, 344.71576759034576, 0), 10.026757955551147)
((-0.2417, 0.2326, -1.6231, 344.71576759034576, 0), 10.088206052780151)
((-0.2445, 0.2271, -1.6231, 349.35533929358212, 0), 10.146937131881714)
((-0.2405, 0.2233, -1.6151, 337.56155458804437, 0), 10.206805944442749)
((-0.2448, 0.2167, -1.6071, 349.26401901164871, 0), 10.2675039768219)
((-0.2475, 0.2167, -1.6071, 344.64019061298325, 0), 10.327815055847168)
((-0.2489, 0.2102, -1.5992, 340.30137862541972, 0), 10.38947606086731)
((-0.2516, 0.2075, -1.5992, 336.13695399096724, 0), 10.456032991409302)
((-0.2516, 0.2021, -1.5992, 340.44800482675942, 0), 10.510090112686157)
((-0.2543, 0.1994, -1.5992, 340.44800482675942, 0), 10.57352900505066)
((-0.2531, 0.1931, -1.5914, 336.28640511365904, 0), 10.637577056884766)
((-0.2638, 0.1904, -1.5914, 340.2203267883757, 0), 10.69710898399353)
((-0.2678, 0.1886, -1.5992, 328.66557354074968, 0), 10.7534019947052)
((-0.2692, 0.1823, -1.5914, 300.21727395738435, 0), 10.82262897491455)
((-0.2745, 0.1796, -1.5914, 302.75895614422905, 0), 10.880527019500732)
((-0.2772, 0.1742, -1.5914, 300.17720820340907, 0), 10.9358389377594)
((-0.2825, 0.1661, -1.5914, 285.4091852619992, 0), 10.996325016021729)
((-0.2852, 0.1634, -1.5914, 284.16705552263124, 0), 11.065343141555786)
((-0.292, 0.1345, -1.5992, 283.0693178962822, 0), 11.125278949737549)
((-0.2879, 0.1446, -1.5914, 270.0, 0), 11.187392950057983)
((-0.2986, 0.1365, -1.5914, 270.0, 0), 11.247514009475708)
((-0.2986, 0.1338, -1.5914, 270.0, 0), 11.304671049118042)
((-0.3001, 0.1291, -1.5992, 284.21119186929752, 0), 11.36429500579834)
((-0.2986, 0.1204, -1.5914, 255.83294447736876, 0), 11.421617984771729)
((-0.304, 0.1204, -1.5914, 270.0, 0), 11.490463018417358)
((-0.3082, 0.1128, -1.5992, 270.0, 0), 11.545959949493408)
((-0.3066, 0.1123, -1.5914, 253.11685410951031, 0), 11.60183596611023)
((-0.3093, 0.1015, -1.5914, 270.0, 0), 11.670472145080566)
((-0.3078, 0.0983, -1.5837, 294.26904452717343, 0), 11.726010084152222)
((-0.3108, 0.0939, -1.5992, 291.15318202476044, 0), 11.781177043914795)
((-0.312, 0.0907, -1.5914, 237.40741852740075, 0), 11.836333990097046)
((-0.3147, 0.0827, -1.5914, 270.0, 0), 11.899003982543945)
((-0.3162, 0.0831, -1.5992, 298.11320887605604, 0), 11.95382308959961)
((-0.3162, 0.0777, -1.5992, 246.09794958898908, 0), 12.019438982009888)
((-0.3189, 0.0777, -1.5992, 237.40741852740067, 0), 12.077294111251831)
((-0.3174, 0.0746, -1.5914, 270.0, 0), 12.140136957168579)
((-0.3158, 0.0742, -1.5837, 270.0, 0), 12.204154014587402)
((-0.3211, 0.0662, -1.5837, 319.83041995828921, 0), 12.26443600654602)
((-0.3238, 0.0608, -1.5837, 270.0, 0), 12.324901103973389)
((-0.3291, 0.0581, -1.5837, 320.01311375503559, 0), 12.38592004776001)
((-0.3291, 0.0581, -1.5837, 294.24167572845306, 0), 12.45062804222107)
((-0.3371, 0.0528, -1.5837, 298.13440598182638, 0), 12.520467042922974)
((-0.3425, 0.0421, -1.5837, 306.56162202217575, 0), 12.583221912384033)
((-0.3451, 0.0394, -1.5837, 300.51312486161419, 0), 12.651333093643188)
((-0.3505, 0.0367, -1.5837, 300.60868864107766, 0), 12.716503143310547)
((-0.3522, 0.0342, -1.5914, 283.09571201918413, 0), 12.78210711479187)
((-0.3522, 0.0342, -1.5914, 258.05582281155392, 0), 12.85401701927185)
((-0.3557, 0.0318, -1.6071, 256.09387541401082, 0), 12.911679983139038)
((-0.3557, 0.0318, -1.6071, 233.73837645209744, 0), 12.970459938049316)
((-0.3529, 0.0318, -1.6071, 228.66193557551998, 0), 13.028749942779541)
((-0.3547, 0.0347, -1.6151, 225.48554583000828, 0), 13.090278148651123)
((-0.3502, 0.0345, -1.6071, 209.27104692085601, 0), 13.15097713470459)
((-0.3529, 0.0373, -1.6071, 198.21429864474663, 0), 13.212471961975098)
((-0.3502, 0.0373, -1.6071, 198.43494882292205, 0), 13.273343086242676)
((-0.3458, 0.0425, -1.5992, 179.26547896574525, 0), 13.335575103759766)
((-0.3405, 0.0452, -1.5992, 140.63068275763527, 0), 13.393033027648926)
((-0.3351, 0.0452, -1.5992, 123.69006752597991, 0), 13.453601121902466)
((-0.3265, 0.0501, -1.5837, 69.01842365857857, 0), 13.54304313659668)
((-0.3259, 0.0536, -1.6071, 51.292365563768293, 0), 13.620501041412354)
((-0.3196, 0.0605, -1.576, 90.0, 0), 13.68511414527893)
((-0.3169, 0.0605, -1.576, 41.914265581543496, 0), 13.746093034744263)
((-0.3196, 0.0632, -1.576, 46.956548372563581, 0), 13.812480926513672)
((-0.315, 0.0702, -1.5534, 46.956548372563581, 0), 13.87303900718689)
((-0.3161, 0.0698, -1.5461, 33.244580161584636, 0), 13.935362100601196)
((-0.3187, 0.0725, -1.5461, 29.219246690484646, 0), 13.996273040771484)
((-0.3235, 0.0744, -1.5315, 22.320412381023864, 0), 14.053105115890503)
((-0.3256, 0.0762, -1.5172, 9.7228804431334357, 0), 14.110010147094727)
((-0.3281, 0.0814, -1.5172, 0.7753842637416446, 0), 14.169476985931396)
((-0.3368, 0.0759, -1.5102, 358.59815837949407, 0), 14.231590986251831)
((-0.3418, 0.0836, -1.5102, 345.35077229377043, 0), 14.288519144058228)
((-0.3437, 0.0803, -1.4963, 339.27238250482293, 0), 14.345493078231812)
((-0.3447, 0.0799, -1.4895, 343.17552649219328, 0), 14.418151140213013)
((-0.3588, 0.0625, -1.4963, 335.07152586453867, 0), 14.478208065032959)
((-0.3647, 0.0522, -1.4895, 319.38923184656448, 0), 14.539989948272705)
((0.0, 0.1, 0.0, 0.0, 1), 14.592988967895508)
((-0.3714, 0.0575, -1.4963, 320.89851996729863, 0), 14.651723146438599)
((-0.3774, 0.0554, -1.5102, 306.31083813237296, 0), 14.716845989227295)
((-0.3757, 0.073, -1.5032, 277.69605172201665, 0), 14.779555082321167)
((-0.3773, 0.0673, -1.4895, 286.38954033403479, 0), 14.861246109008789)
((-0.3883, 0.0628, -1.5032, 297.07208023799268, 0), 14.931591033935547)
((-0.3989, 0.056, -1.5243, 278.56088957116452, 0), 14.98981499671936)
((-0.4059, 0.064, -1.5315, 243.10376303450661, 0), 15.050920009613037)
((-0.4034, 0.0614, -1.5315, 235.53918372862819, 0), 15.115456104278564)
((-0.4111, 0.0626, -1.5609, 231.71816831555228, 0), 15.175305128097534)
((-0.4091, 0.0662, -1.5837, 213.01822598634729, 0), 15.236982107162476)
((-0.4097, 0.0726, -1.6071, 203.33295752511131, 0), 15.295473098754883)
((-0.4036, 0.0702, -1.6151, 198.434948822922, 0), 15.356276035308838)
((-0.3972, 0.0748, -1.6561, 194.00009471593231, 0), 15.421721935272217)
((-0.3932, 0.071, -1.6994, 186.81158059897302, 0), 15.475528955459595)
((-0.3789, 0.0796, -1.6994, 181.43063695815894, 0), 15.530993938446045)
((-0.3685, 0.0863, -1.7173, 173.4838896893954, 0), 15.593414068222046)
((-0.3577, 0.0916, -1.7638, 168.61892214096468, 0), 15.66121792793274)
((-0.3399, 0.0976, -1.7638, 168.87042143837763, 0), 15.71996808052063)
((-0.3213, 0.1083, -1.7929, 160.66342706287585, 0), 15.785133123397827)
((-0.3158, 0.1126, -1.8129, 157.23249588449153, 0), 15.841022968292236)
((-0.2914, 0.1248, -1.8129, 155.47429298292491, 0), 15.902749061584473)
((-0.2715, 0.1379, -1.823, 150.43637451880591, 0), 15.967220067977905)
((-0.25, 0.1471, -1.823, 143.01492960129127, 0), 16.037769079208374)
((-0.2299, 0.1604, -1.8333, 130.79841237480269, 0), 16.09598708152771)
((-0.2125, 0.1769, -1.8437, 131.94469402229385, 0), 16.1535861492157)
((-0.1981, 0.1936, -1.8542, 129.0163424169819, 0), 16.211831092834473)
((-0.1897, 0.1914, -1.8333, 119.52791157043106, 0), 16.269349098205566)
((-0.1753, 0.2049, -1.8437, 114.83075343661376, 0), 16.326353073120117)
((-0.1611, 0.2181, -1.823, 109.18509619702498, 0), 16.38282012939453)
((-0.1549, 0.2212, -1.823, 93.735405659303041, 0), 16.441699981689453)
((-0.148, 0.2291, -1.8129, 94.231756341057292, 0), 16.506103992462158)
((-0.1427, 0.2366, -1.823, 85.32467691292446, 0), 16.5774929523468)
((-0.1427, 0.2489, -1.823, 90.0, 0), 16.63597798347473)
((-0.1457, 0.2582, -1.823, 83.263478533055292, 0), 16.700902938842773)
((-0.1457, 0.2582, -1.823, 72.782824188756877, 0), 16.75981307029724)
((-0.1527, 0.2689, -1.8333, 59.229591821213333, 0), 16.81929612159729)
((-0.1611, 0.2489, -1.823, 90.0, 0), 16.88978600502014)
((-0.1733, 0.2767, -1.823, 34.449746049410116, 0), 16.945554971694946)
((-0.1825, 0.2828, -1.823, 270.0, 0), 17.00392198562622)
((-0.1948, 0.2705, -1.823, 270.0, 0), 17.06564497947693)
((-0.2071, 0.2736, -1.823, 257.82166051763403, 0), 17.125736951828003)
((-0.2163, 0.3075, -1.823, 270.0, 0), 17.187600135803223)
((-0.2206, 0.3124, -1.8333, 270.0, 0), 17.248410940170288)
((-0.2329, 0.3186, -1.8333, 262.16998503024951, 0), 17.309875011444092)
((-0.2481, 0.3285, -1.8542, 263.26347853305526, 0), 17.37654399871826)
((-0.2606, 0.3285, -1.8542, 257.64300275398062, 0), 17.44182300567627)
((-0.2746, 0.3114, -1.8648, 252.59025294127682, 0), 17.50792908668518)
((-0.2873, 0.3118, -1.8864, 247.57720665976444, 0), 17.56492805480957)
((-0.3032, 0.3374, -1.8864, 238.82766272212044, 0), 17.64650797843933)
((-0.3067, 0.3381, -1.9085, 239.67787929363755, 0), 17.71847891807556)
((-0.3164, 0.3349, -1.9085, 229.35609571026288, 0), 17.773070096969604)
((-0.3228, 0.3316, -1.9085, 229.49784106967547, 0), 17.839103937149048)
((-0.3338, 0.3297, -1.9543, 233.65391424373408, 0), 17.897844076156616)
((-0.3404, 0.3231, -1.9543, 219.82419629421398, 0), 17.956330060958862)
((-0.3404, 0.3198, -1.9543, 222.67846941016731, 0), 18.02108407020569)
((-0.3458, 0.315, -1.9661, 218.5619504850016, 0), 18.08905005455017)
((-0.3491, 0.305, -1.9661, 215.101956387972, 0), 18.14659309387207)
((-0.3458, 0.3017, -1.9661, 217.79027823827107, 0), 18.209639072418213)
((-0.3555, 0.2903, -2.0024, 208.12469943934462, 0), 18.271536111831665)
((-0.35, 0.2852, -1.9902, 207.46098146197838, 0), 18.331959009170532)
((-0.3509, 0.2785, -2.0148, 202.35544011742621, 0), 18.392889976501465)
((-0.3497, 0.2494, -2.0274, 194.80721889343468, 0), 18.4564950466156)
((-0.3374, 0.2615, -2.0148, 192.27128165375186, 0), 18.51456594467163)
((-0.3382, 0.2613, -2.0401, 177.16121215899463, 0), 18.581046104431152)
((-0.3313, 0.2544, -2.0401, 178.53119928561418, 0), 18.636847019195557)
((-0.3244, 0.2475, -2.0401, 168.91358698834034, 0), 18.691504955291748)
((-0.321, 0.2337, -2.0401, 161.54182629812578, 0), 18.74609613418579)
((-0.3196, 0.2386, -2.0529, 161.47218937911254, 0), 18.82137703895569)
((-0.3161, 0.2317, -2.0529, 144.59131811655644, 0), 18.879343032836914)
((-0.3112, 0.2331, -2.0659, 151.6012469871709, 0), 18.942881107330322)
((-0.3027, 0.2417, -2.0791, 142.15607938706898, 0), 19.008116960525513)
((0.0, 0.1, 0.0, 0.0, 1), 19.04387402534485)
((0.0, 0.1, 0.0, 0.0, 1), 19.08420491218567)
((0.0, 0.1, 0.0, 0.0, 1), 19.1226589679718)
((0.0, 0.1, 0.0, 0.0, 1), 19.160287141799927)
((0.0, 0.1, 0.0, 0.0, 1), 19.1978600025177)
((0.0, 0.1, 0.0, 0.0, 1), 19.239207983016968)
((0.0, 0.1, 0.0, 0.0, 1), 19.278553009033203)
((-0.2127, 0.2616, -1.9902, 137.7263109939062, 0), 19.340430974960327)
((0.0, 0.1, 0.0, 0.0, 1), 19.37964105606079)
((-0.1936, 0.2818, -1.9661, 78.840356990233659, 0), 19.44426703453064)
((0.0, 0.1, 0.0, 0.0, 1), 19.4897301197052)
((0.0, 0.1, 0.0, 0.0, 1), 19.53868794441223)
((-0.1674, 0.2898, -1.9312, 62.898605320180344, 0), 19.60044002532959)
((-0.1599, 0.2946, -1.9198, 56.398763068757987, 0), 19.657572031021118)
((0.0, 0.1, 0.0, 0.0, 1), 19.705589056015015)
((0.0, 0.1, 0.0, 0.0, 1), 19.75985312461853)
((-0.1485, 0.2912, -1.8974, 53.821734366447565, 0), 19.82623314857483)
((-0.1485, 0.3201, -1.8974, 50.400869770706549, 0), 19.88065505027771)
((-0.1476, 0.2959, -1.8864, 47.734645895292417, 0), 19.94115114212036)
((-0.1453, 0.304, -1.8974, 45.342060291358514, 0), 20.014359951019287)
((0.0, 0.1, 0.0, 0.0, 1), 20.054840087890625)
((0.0, 0.1, 0.0, 0.0, 1), 20.095355987548828)
((-0.1513, 0.3347, -1.8542, 44.554527437220059, 0), 20.158445119857788)
((-0.1508, 0.3374, -1.8864, 33.947970060226687, 0), 20.220251083374023)
((-0.1508, 0.3406, -1.8864, 30.809277012719427, 0), 20.276742935180664)
((-0.1549, 0.3297, -1.8974, 28.236412250890353, 0), 20.333701133728027)
((-0.1517, 0.3233, -1.8974, 20.295527069120187, 0), 20.39327311515808)
((-0.1485, 0.2944, -1.8974, 20.106234798359321, 0), 20.45452308654785)
((-0.1494, 0.3123, -1.9085, None, 0), 20.512058973312378)
((-0.1461, 0.3026, -1.9085, 184.63546342690267, 0), 20.569672107696533)
((0.0, 0.1, 0.0, 0.0, 1), 20.606966972351074)
((-0.147, 0.2914, -1.9198, 176.11710143963631, 0), 20.682472944259644)
((0.0, 0.1, 0.0, 0.0, 1), 20.73050808906555)
((0.0, 0.1, 0.0, 0.0, 1), 20.766767978668213)
((-0.1316, 0.2506, -1.9312, 184.34002072596439, 0), 20.822911977767944)
((-0.1276, 0.2524, -1.9198, 165.64904378891222, 0), 20.876424074172974)
((-0.1269, 0.2477, -1.9085, 145.21573957402285, 0), 20.929940938949585)
((-0.1222, 0.248, -1.8864, 132.7591345007865, 0), 20.98695206642151)
((0.0, 0.1, 0.0, 0.0, 1), 21.025814056396484)
((-0.1319, 0.2611, -1.8437, 71.40750130969586, 0), 21.087785005569458)
((-0.1335, 0.2643, -1.823, 20.239691369618296, 0), 21.146254062652588)
((-0.1419, 0.2598, -1.8129, 11.398763068757916, 0), 21.207998991012573)
((-0.1463, 0.2691, -1.7929, 4.485773976347974, 0), 21.267380952835083)
((-0.1537, 0.2781, -1.7734, 359.90087245268836, 0), 21.328370094299316)
((-0.163, 0.2825, -1.7449, 357.37968542641431, 0), 21.38946509361267)
((-0.1688, 0.2884, -1.7449, 350.43297799816065, 0), 21.44754910469055)
((-0.1738, 0.2898, -1.7356, 346.7448735959764, 0), 21.50289297103882)
((-0.1816, 0.2854, -1.7264, 344.82342241226092, 0), 21.560791969299316)
((-0.1941, 0.2939, -1.7083, 339.63255630856446, 0), 21.634027004241943)
((-0.2016, 0.2895, -1.6994, 335.32691424128149, 0), 21.692557096481323)
((-0.2102, 0.2838, -1.6994, 331.14651591975547, 0), 21.750015020370483)
((-0.2159, 0.2809, -1.6994, 328.96206461305746, 0), 21.807618141174316)
((-0.2171, 0.2766, -1.7083, 323.33655502444157, 0), 21.86853814125061)
((-0.2314, 0.2766, -1.7083, 315.75795442207755, 0), 21.925225973129272)
((-0.2331, 0.2665, -1.6994, 298.15068858817489, 0), 21.982677936553955)
((-0.2331, 0.2637, -1.6994, 305.28400864284112, 0), 22.04210901260376)
((-0.2388, 0.2579, -1.6994, 301.40220000170433, 0), 22.104702949523926)
((-0.2388, 0.2464, -1.6994, 295.26862116668923, 0), 22.166269063949585)
((-0.2445, 0.2407, -1.6994, 281.26062458643958, 0), 22.227149963378906)
((-0.2429, 0.2361, -1.7083, 270.0, 0), 22.288909912109375)
((-0.2445, 0.2263, -1.6994, 254.77453749487017, 0), 22.351778030395508)
((-0.2429, 0.2246, -1.7083, 270.0, 0), 22.420855045318604)
((-0.2429, 0.2217, -1.7083, 270.0, 0), 22.48431396484375)
((-0.2429, 0.2101, -1.7083, 270.0, 0), 22.547377109527588)
((-0.2401, 0.2101, -1.7083, 227.75542470050308, 0), 22.603896141052246)
((-0.2401, 0.2043, -1.7083, 218.18564711059057, 0), 22.662589073181152)
((-0.2401, 0.2043, -1.7083, 188.31027716752425, 0), 22.719703912734985)
((-0.2372, 0.2015, -1.7083, 188.31027716752425, 0), 22.788114070892334)
((-0.2372, 0.1986, -1.7083, 140.64054943215652, 0), 22.846571922302246)
((-0.2372, 0.1899, -1.7083, 90.0, 0), 22.906765937805176)
((-0.2401, 0.187, -1.7083, 140.64054943215652, 0), 22.96538996696472)
((-0.2372, 0.1841, -1.7083, 90.0, 0), 23.022964000701904)
((-0.2401, 0.1812, -1.7083, 90.0, 0), 23.082624912261963)
((-0.2487, 0.1783, -1.7083, 90.0, 0), 23.152995109558105)
((-0.2544, 0.1754, -1.7083, 270.0, 0), 23.21718192100525)
((-0.2531, 0.1745, -1.6994, 270.0, 0), 23.275856018066406)
((-0.2588, 0.1774, -1.6994, 304.39614174012837, 0), 23.332703113555908)
((-0.2603, 0.1765, -1.6905, 292.39347516336284, 0), 23.3924081325531)
((-0.2588, 0.1745, -1.6994, 307.61650820374354, 0), 23.452014923095703)
((-0.266, 0.1822, -1.6905, 292.39347516336284, 0), 23.513994932174683)
((-0.2703, 0.186, -1.6994, 304.49913331559367, 0), 23.584293127059937)
((-0.266, 0.1851, -1.6905, 285.04986346207255, 0), 23.647402048110962)
((-0.2689, 0.1908, -1.6905, 304.49913331559367, 0), 23.702857971191406)
((-0.2675, 0.1983, -1.6818, 311.38611924799648, 0), 23.76073694229126)
((-0.2703, 0.2012, -1.6818, 333.69498839680375, 0), 23.81697106361389)
((-0.2675, 0.2069, -1.6818, 315.65854317756373, 0), 23.870880126953125)
((-0.2745, 0.2137, -1.6905, 333.69597562528742, 0), 23.9252610206604)
((-0.2745, 0.2137, -1.6905, 270.0, 0), 23.982588052749634)
((-0.2774, 0.2194, -1.6905, 299.54798935887061, 0), 24.038912057876587)
((-0.2731, 0.2239, -1.6818, 270.0, 0), 24.095732927322388)
((-0.2731, 0.2349, -1.6994, 350.96051719664484, 0), 24.15314507484436)
((-0.276, 0.2325, -1.6818, 218.58121326976078, 0), 24.21145510673523)
((-0.2703, 0.2382, -1.6818, 320.78239232236359, 0), 24.27556610107422)
((-0.2731, 0.2382, -1.6818, 270.0, 0), 24.33687114715576)
((-0.2689, 0.2426, -1.6732, 270.0, 0), 24.39878511428833)
((-0.2675, 0.2467, -1.6818, 350.75388725443696, 0), 24.472450971603394)
((-0.2661, 0.2511, -1.6732, 38.820075750817139, 0), 24.53293800354004)
((-0.2689, 0.2511, -1.6732, 25.898851206895067, 0), 24.602540016174316)
((-0.2689, 0.2483, -1.6732, 26.166247087341343, 0), 24.664021015167236)
((-0.2647, 0.2498, -1.6646, 26.02959219151381, 0), 24.727694034576416)
((-0.2647, 0.2498, -1.6646, 13.570434385161535, 0), 24.78280806541443)
((-0.2633, 0.2568, -1.6732, 33.303983211235163, 0), 24.840991020202637)
((-0.2647, 0.2554, -1.6646, 39.143986414571259, 0), 24.90558409690857)
((-0.2675, 0.2583, -1.6646, 26.029592191513665, 0), 24.96728491783142)
((-0.2675, 0.2611, -1.6646, 9.2461127455630336, 0), 25.02434992790222)
((-0.2675, 0.2611, -1.6646, 0.0, 0), 25.08343005180359)
((-0.2703, 0.2695, -1.6646, 350.75388725443662, 0), 25.14501714706421)
((-0.2731, 0.2723, -1.6646, 350.75388725443662, 0), 25.202510118484497)
((-0.2745, 0.2766, -1.6561, 333.97040780848619, 0), 25.260671138763428)
((-0.2759, 0.2808, -1.6646, 310.93663400706748, 0), 25.31935214996338)
((-0.2787, 0.2864, -1.6646, 270.0, 0), 25.379313945770264)
((-0.2787, 0.2891, -1.6478, 299.18080605249963, 0), 25.4429829120636)
((-0.2815, 0.2977, -1.6646, 320.19442890773502, 0), 25.50357413291931)
((-0.2801, 0.299, -1.6561, 270.0, 0), 25.558754920959473)
((-0.2801, 0.299, -1.6561, 304.00372741911309, 0), 25.613831996917725)
((-0.2857, 0.3046, -1.6561, 304.00372741911309, 0), 25.66964602470398)
((-0.2857, 0.3074, -1.6561, 298.89641626381302, 0), 25.723940134048462)
((-0.2885, 0.3046, -1.6561, 304.00372741911309, 0), 25.784616947174072)
((-0.287, 0.3003, -1.6478, 270.0, 0), 25.85082507133484)
((-0.2911, 0.2987, -1.6395, 326.54669054592756, 0), 25.905766010284424)
((-0.2926, 0.2975, -1.6478, 333.70952713390739, 0), 25.961234092712402)
((-0.2981, 0.2919, -1.6478, 270.0, 0), 26.02423906326294)
((-0.2966, 0.2849, -1.6395, 315.34308439952378, 0), 26.09163999557495)
((-0.2994, 0.2849, -1.6395, 315.17309850512015, 0), 26.153792142868042)
((-0.3132, 0.2766, -1.6395, 310.69894394034048, 0), 26.213272094726562)
((-0.3116, 0.2752, -1.6313, 301.1167080628029, 0), 26.27537703514099)
((-0.3155, 0.2738, -1.6231, 313.75709130171737, 0), 26.334375143051147)
((-0.3221, 0.2724, -1.6151, 320.71059313749953, 0), 26.395113945007324)
((-0.3248, 0.2724, -1.6151, 312.97267729949976, 0), 26.455606937408447)
((-0.3346, 0.2738, -1.6231, 305.90587695046537, 0), 26.517661094665527)
((-0.3367, 0.2738, -1.6071, 300.45958281963607, 0), 26.582651138305664)
((-0.3465, 0.2752, -1.6151, 316.51693597084386, 0), 26.646583080291748)
((-0.3502, 0.2765, -1.6071, 296.05761390154254, 0), 26.71534514427185)
((-0.3566, 0.2752, -1.5992, 302.52953827833113, 0), 26.77987813949585)
((-0.3638, 0.282, -1.6071, 312.87890360333853, 0), 26.83367609977722)
((-0.3692, 0.282, -1.6071, 294.87251130699201, 0), 26.890242099761963)
((-0.3682, 0.2846, -1.5914, 286.59150870718122, 0), 26.953120946884155)
((-0.3763, 0.2873, -1.5914, 297.20768612045146, 0), 27.010056018829346)
((-0.379, 0.2927, -1.5914, 294.71161194935439, 0), 27.07217812538147)
((-0.3798, 0.2939, -1.5837, 305.52546901749201, 0), 27.141186952590942)
((-0.3878, 0.2993, -1.5837, 298.49857219970318, 0), 27.20091414451599)
((-0.3904, 0.302, -1.5837, 307.24538504268781, 0), 27.260556936264038)
((-0.3931, 0.3073, -1.5837, 300.20323775494251, 0), 27.32179594039917)
((-0.3958, 0.31, -1.5837, 293.00887008282268, 0), 27.38101601600647)
((-0.3939, 0.3138, -1.576, 306.17613805695942, 0), 27.445963144302368)
((-0.4018, 0.3112, -1.576, 321.54296794043313, 0), 27.51820993423462)
((-0.3992, 0.3138, -1.576, 294.62356478616346, 0), 27.582093000411987)
((-0.3999, 0.3123, -1.5684, 303.92040107717452, 0), 27.640090942382812)
((-0.398, 0.3082, -1.5609, 317.73871267758983, 0), 27.703339099884033)
((-0.4006, 0.3029, -1.5609, 321.40153624014994, 0), 27.762745141983032)
((-0.4006, 0.3029, -1.5609, 330.68999292908393, 0), 27.831382989883423)
((-0.4013, 0.2936, -1.5534, 335.89776549883902, 0), 27.894810914993286)
((-0.3994, 0.287, -1.5461, 344.85694331012462, 0), 27.96457314491272)
((-0.3994, 0.287, -1.5461, 354.53090502988806, 0), 28.022266149520874)
((-0.4001, 0.2804, -1.5387, 349.57715709417016, 0), 28.081236124038696)
((-0.3938, 0.2752, -1.5243, 2.6095299489707182, 0), 28.14235210418701)
((-0.3938, 0.27, -1.5243, 5.9628508737208588, 0), 28.204532146453857)
((-0.3945, 0.2662, -1.5172, 7.875294341148825, 0), 28.264892101287842)
((-0.3919, 0.2662, -1.5172, 4.5791323357858378, 0), 28.3264000415802)
((-0.3927, 0.265, -1.5102, 11.259496061420169, 0), 28.386182069778442)
((-0.3909, 0.2637, -1.5032, 8.8565259034612929, 0), 28.44778609275818)
((-0.3891, 0.2625, -1.4963, 11.704464888306365, 0), 28.513163089752197)
((-0.3873, 0.2664, -1.4895, 11.685564674813067, 0), 28.581872940063477)
((-0.3873, 0.2664, -1.4895, 12.067101339078752, 0), 28.6506290435791)
((-0.3863, 0.2665, -1.476, 14.582942329484133, 0), 28.70781397819519)
((-0.387, 0.2702, -1.4693, 8.8263709542279241, 0), 28.768975973129272)
((-0.3919, 0.2727, -1.4693, 7.0480748828248156, 0), 28.823790073394775)
((-0.3944, 0.2727, -1.4693, 3.1069516237094268, 0), 28.883986949920654)
((-0.3951, 0.2764, -1.4627, 357.01232570021909, 0), 28.939512968063354)
((-0.394, 0.2715, -1.4497, 357.10751509400103, 0), 29.002171993255615)
((-0.3989, 0.2789, -1.4497, 356.68376573572573, 0), 29.06226897239685)
((-0.393, 0.2789, -1.4369, 348.12373559624041, 0), 29.12417507171631)
((-0.4026, 0.2813, -1.4369, 353.81527544375109, 0), 29.18249201774597)
((-0.4075, 0.2837, -1.4369, 343.78163229010352, 0), 29.244926929473877)
((-0.4057, 0.2897, -1.4306, 331.53347344471678, 0), 29.307368993759155)
((-0.4117, 0.2896, -1.4181, 334.20997452976115, 0), 29.37062406539917)
((-0.4117, 0.292, -1.4181, 338.85757921565147, 0), 29.43238592147827)
((-0.4123, 0.2931, -1.412, 341.33037112224673, 0), 29.49199604988098)
((-0.4176, 0.2705, -1.4059, 341.26046927620632, 0), 29.548542976379395)
((-0.4205, 0.274, -1.3998, 331.68364505672781, 0), 29.603687047958374)
((0.0, 0.1, 0.0, 0.0, 1), 29.653955936431885)
((-0.4289, 0.2812, -1.412, 336.59386712127292, 0), 29.720436096191406)
((-0.4422, 0.2909, -1.4243, 304.74491823746337, 0), 29.790346145629883)
((-0.4594, 0.3136, -1.4181, 287.65012421993032, 0), 29.846451997756958)
((-0.4566, 0.3246, -1.4243, 289.91216301441534, 0), 29.90776300430298)
((-0.4703, 0.3105, -1.4369, 277.05573490804557, 0), 29.96973705291748)
((-0.4773, 0.3192, -1.4433, 252.21276620905905, 0), 30.031736135482788)
((-0.4918, 0.3338, -1.4433, 248.98590367679449, 0), 30.093732118606567)
((-0.4843, 0.3402, -1.4497, 248.50990987713294, 0), 30.155297994613647)
((-0.4908, 0.3597, -1.4693, 236.70822831400949, 0), 30.214879989624023)
((-0.4881, 0.3564, -1.476, 225.32786926530594, 0), 30.287714958190918)
((-0.4923, 0.3663, -1.4963, 222.7688253919687, 0), 30.345624923706055)
((-0.4943, 0.3672, -1.5102, 214.83148327063213, 0), 30.412212133407593)
((-0.4813, 0.3663, -1.5172, 200.75349869885008, 0), 30.48156714439392)
((-0.4902, 0.3724, -1.5534, 194.88918348112645, 0), 30.547681093215942)
((-0.4745, 0.3645, -1.5534, 189.69344873371696, 0), 30.61587905883789)
((-0.4666, 0.3593, -1.5534, 178.54320063567528, 0), 30.67911410331726)
((-0.4655, 0.3565, -1.576, 167.10804326458205, 0), 30.757081031799316)
((-0.4575, 0.3458, -1.576, 171.53357674241437, 0), 30.812149047851562)
((-0.4539, 0.3411, -1.5914, 162.66738062807835, 0), 30.868813037872314)
((-0.4481, 0.332, -1.5992, 163.49225773788584, 0), 30.930320978164673)
((-0.4486, 0.325, -1.5914, 156.75438517323909, 0), 30.99555802345276)
((-0.4454, 0.3185, -1.5992, 150.62884785364983, 0), 31.05277991294861)
((-0.4308, 0.3162, -1.6151, 156.35596205613706, 0), 31.10984492301941)
((-0.4281, 0.308, -1.6151, 136.08806318042662, 0), 31.16668200492859)
((-0.426, 0.3064, -1.6071, 143.05588506469019, 0), 31.228271007537842)
((-0.4233, 0.3037, -1.6071, 142.90881850677596, 0), 31.28536605834961)
((-0.422, 0.3013, -1.6231, 126.38898290049376, 0), 31.34256601333618)
((-0.686, 0.5019, -2.6557, 142.99410042016731, 0), 31.402570009231567)
((-0.4193, 0.3068, -1.6231, 192.30231629745577, 0), 31.46276307106018)
((-0.4193, 0.3095, -1.6231, 129.68796103607431, 0), 31.54000496864319)
((-0.4199, 0.3134, -1.6151, 137.25309808026682, 0), 31.595811128616333)
((-0.4254, 0.3189, -1.6151, 121.94475277620339, 0), 31.65051794052124)
((-0.426, 0.3173, -1.6071, 90.0, 0), 31.705488920211792)
((-0.4281, 0.3134, -1.6151, 14.708303899682672, 0), 31.779289960861206)
((-0.4384, 0.3177, -1.6231, 194.70830389968268, 0), 31.834712028503418)
((-0.4346, 0.3131, -1.5992, 223.34238540489022, 0), 31.902621030807495)
((-0.439, 0.3107, -1.6151, 332.20195188614395, 0), 31.9622220993042)
((-0.4471, 0.3052, -1.6151, 13.352791057279806, 0), 32.027589082717896)
((-0.4525, 0.3052, -1.6151, 286.05421966277578, 0), 32.08452010154724)
((-0.4553, 0.2998, -1.6151, 283.54793898800051, 0), 32.14085793495178)
((-0.4535, 0.2914, -1.5992, 270.0, 0), 32.19823098182678)
((-0.4584, 0.2901, -1.6071, 299.50275689319341, 0), 32.25643706321716)
((-0.4681, 0.2862, -1.6313, 270.0, 0), 32.31262993812561)
((-0.4708, 0.289, -1.6313, 247.95205253643965, 0), 32.37115001678467)
((-0.4732, 0.2821, -1.6395, 255.79744123863637, 0), 32.42783212661743)
((-0.4736, 0.2807, -1.6313, 223.76568115890495, 0), 32.489766120910645)
((-0.4732, 0.2821, -1.6395, 244.91062613107144, 0), 32.550616979599)
((-0.4728, 0.2807, -1.6478, 226.92804073570542, 0), 32.609020948410034)
((-0.4724, 0.2822, -1.6561, 211.83180798181908, 0), 32.67307710647583)
((-0.472, 0.278, -1.6646, 202.63970764145083, 0), 32.73120403289795)
((-0.4773, 0.2766, -1.6732, 195.79486166086014, 0), 32.79178500175476)
((-0.4712, 0.2752, -1.6818, 195.95684360896496, 0), 32.85762596130371)
((-0.4688, 0.2653, -1.6732, 183.5127587611413, 0), 32.92064309120178)
((-0.4758, 0.2593, -1.7083, 177.2671921493903, 0), 32.97994303703308)
((-0.4676, 0.2522, -1.6994, 182.1642176073772, 0), 33.04339408874512)
((-0.4643, 0.2448, -1.7083, 174.96491532054333, 0), 33.11250114440918)
((-0.461, 0.2374, -1.7173, 172.62912449351754, 0), 33.1743049621582)
((-0.4571, 0.2311, -1.7356, 170.36397376873518, 0), 33.23599100112915)
((-0.4571, 0.2282, -1.7356, 169.10645394196285, 0), 33.29702305793762)
((-0.4513, 0.2252, -1.7356, 168.14795007803832, 0), 33.361292123794556)
((-0.4532, 0.2188, -1.7543, 157.38013505195957, 0), 33.42093205451965)
((-0.4462, 0.2121, -1.7734, 166.0567690794463, 0), 33.47705912590027)
((-0.4396, 0.2163, -1.7831, 167.28968567675531, 0), 33.53830814361572)
((-0.4396, 0.2193, -1.7831, 154.17500384806107, 0), 33.60755801200867)
((-0.43, 0.2175, -1.7929, 161.503464909668, 0), 33.66773200035095)
((-0.4317, 0.223, -1.8129, 157.93052840753248, 0), 33.724843978881836)
((-0.4239, 0.2266, -1.7929, 162.96046487978589, 0), 33.78163695335388)
((-0.4211, 0.2317, -1.8333, 149.91171301098214, 0), 33.8385910987854)
((-0.415, 0.2379, -1.8333, 159.77242293948737, 0), 33.9030020236969)
((-0.415, 0.241, -1.8333, 159.61767530892544, 0), 33.96777391433716)
((-0.4135, 0.2532, -1.8542, 154.19417567059551, 0), 34.02754306793213)
((-0.4158, 0.2609, -1.8648, 157.96667447924759, 0), 34.08548307418823)
((-0.4119, 0.2434, -1.8755, 163.7586479024861, 0), 34.141478061676025)
((-0.4079, 0.2735, -1.8864, 163.31213413533612, 0), 34.19903492927551)
((-0.4127, 0.2767, -1.9085, 166.70142966950573, 0), 34.25992298126221)
((-0.4063, 0.267, -1.9085, 168.75923744752282, 0), 34.31562805175781)
((-0.4031, 0.3026, -1.9085, 171.34324590338537, 0), 34.377217054367065)
((-0.4103, 0.3113, -1.9427, 166.53885169257708, 0), 34.43598508834839)
((-0.407, 0.3178, -1.9427, 177.53999386952941, 0), 34.494553089141846)
((-0.4029, 0.3065, -1.9543, 175.81762504574579, 0), 34.561383962631226)
((-0.402, 0.3184, -1.9661, 173.95524190975519, 0), 34.61688804626465)
((-0.3935, 0.3445, -1.9085, 172.24240611098165, 0), 34.67956805229187)
((-0.3969, 0.3458, -1.9902, 150.85702201802837, 0), 34.73431992530823)
((-0.396, 0.3818, -2.0024, 173.95077035474077, 0), 34.79349398612976)
((0.0, 0.1, 0.0, 0.0, 1), 34.83879113197327)
((-0.3791, 0.3683, -2.0024, 169.91545882835391, 0), 34.90125608444214)
((-0.3534, 0.3829, -1.9902, 163.84529067484885, 0), 34.96223211288452)
((-0.3404, 0.4189, -1.9543, 148.68688328842364, 0), 35.03645205497742)
((-0.3141, 0.3958, -1.9543, 99.422441161440858, 0), 35.09529995918274)
((0.0, 0.1, 0.0, 0.0, 1), 35.134663105010986)
((0.0, 0.1, 0.0, 0.0, 1), 35.17427110671997)
((0.0, 0.1, 0.0, 0.0, 1), 35.21545600891113)
((0.0, 0.1, 0.0, 0.0, 1), 35.25867414474487)
((0.0, 0.1, 0.0, 0.0, 1), 35.2984619140625)
((-0.2325, 0.432, -1.8542, 97.117425493154741, 0), 35.358885049819946)
((-0.2144, 0.4333, -1.8333, 59.568263966985121, 0), 35.419650077819824)
((-0.209, 0.4254, -1.8129, 54.705737973929331, 0), 35.47980713844299)
((-0.2026, 0.4305, -1.7831, 62.608743238162994, 0), 35.535743951797485)
((-0.2026, 0.4305, -1.7831, 43.173548720998127, 0), 35.59198999404907)
((-0.2004, 0.4229, -1.7638, 41.408972405253785, 0), 35.6492760181427)
((-0.1953, 0.4124, -1.7449, 36.83145700785925, 0), 35.704087018966675)
((-0.1953, 0.4006, -1.7449, 32.802465116953371, 0), 35.758934020996094)
((-0.1932, 0.3993, -1.7264, 34.719334365719028, 0), 35.82518005371094)
((-0.1969, 0.3893, -1.7083, 27.945764142445078, 0), 35.89284801483154)
((-0.2027, 0.3893, -1.7083, 13.712385114211731, 0), 35.948293924331665)
((-0.2102, 0.3844, -1.6994, 5.3473054355457164, 0), 36.00532007217407)
((-0.2188, 0.3873, -1.6994, 359.39425221375063, 0), 36.0670280456543)
((-0.225, 0.3804, -1.6818, 349.04593735660166, 0), 36.12739396095276)
((-0.2339, 0.3709, -1.6646, 347.53109376354882, 0), 36.188777923583984)
((-0.2477, 0.3719, -1.6818, 341.34009155574779, 0), 36.26089692115784)
((-0.259, 0.3691, -1.6818, 320.29281369624493, 0), 36.31798505783081)
((-0.2689, 0.3615, -1.6732, 314.72888634751615, 0), 36.37819695472717)
((-0.2774, 0.353, -1.6732, 305.0985555255586, 0), 36.4386260509491)
((-0.283, 0.3502, -1.6732, 293.55839779625995, 0), 36.493895053863525)
((-0.2971, 0.3417, -1.6732, 293.6106597373622, 0), 36.550437927246094)
((-0.3156, 0.3435, -1.6818, 286.77784751242183, 0), 36.60468792915344)
((-0.3224, 0.336, -1.6732, 280.30484646876602, 0), 36.66253304481506)
((-0.3376, 0.323, -1.6646, 275.04588462699701, 0), 36.72181010246277)
((-0.3562, 0.3219, -1.6732, 270.0, 0), 36.78912901878357)
((-0.3777, 0.3186, -1.6561, 274.5319417242298, 0), 36.85795497894287)
((-0.4, 0.3186, -1.6561, 282.21666981740407, 0), 36.91461896896362)
((-0.4208, 0.3071, -1.6395, 277.43140797117252, 0), 36.9748809337616)
((-0.4296, 0.3028, -1.6313, 283.22492983329755, 0), 37.041067123413086)
((-0.4575, 0.3013, -1.6231, 285.95055768284698, 0), 37.09774398803711)
((-0.4824, 0.2998, -1.6151, 287.34588863155716, 0), 37.15598106384277)
((-0.5069, 0.2943, -1.6151, 291.79548682981789, 0), 37.21394991874695)
((-0.5287, 0.2901, -1.6071, 287.47948319736861, 0), 37.28861594200134)
((-0.5477, 0.2833, -1.5992, 286.74599383973253, 0), 37.349153995513916)
((-0.5665, 0.2752, -1.5992, 291.12767741638754, 0), 37.41031098365784)
((-0.5827, 0.2698, -1.5992, 286.77160492157913, 0), 37.473528146743774)
((-0.5881, 0.2671, -1.5992, 287.29865260608585, 0), 37.53463006019592)
((-0.5988, 0.2562, -1.5992, 283.54364918495622, 0), 37.60294699668884)
((-0.6093, 0.2469, -1.5914, 280.74227848008132, 0), 37.658206939697266)
((-0.6153, 0.2385, -1.6071, 281.79541689988156, 0), 37.71425104141235)
((-0.6207, 0.2249, -1.6071, 273.44479913024537, 0), 37.7702751159668)
((-0.6265, 0.2233, -1.6151, 274.02120736223827, 0), 37.82876014709473)
((-0.6214, 0.2106, -1.6231, 265.32364023492261, 0), 37.8871009349823)
((-0.6198, 0.1999, -1.6478, 252.03276143711651, 0), 37.94159412384033)
((-0.617, 0.1915, -1.6478, 227.64081889357374, 0), 38.00711107254028)
((-0.6009, 0.1766, -1.6646, 215.21296412836494, 0), 38.065951108932495)
((-0.5847, 0.1622, -1.6905, 191.07387115134409, 0), 38.12392997741699)
((-0.5709, 0.1539, -1.7264, 171.22083054361516, 0), 38.18605709075928)
((-0.5447, 0.1401, -1.7356, 164.12189212394165, 0), 38.24876308441162)
((-0.5211, 0.1356, -1.7543, 151.21488714614256, 0), 38.304754972457886)
((-0.5002, 0.1304, -1.7638, 145.91652194347981, 0), 38.36229610443115)
((-0.4756, 0.1288, -1.7831, 139.65672096455665, 0), 38.42050313949585)
((-0.4536, 0.1211, -1.8029, 137.65865286433822, 0), 38.48048496246338)
((-0.4341, 0.1225, -1.823, 133.02138089911068, 0), 38.54983711242676)
((-0.4119, 0.1262, -1.8333, 133.76819456019049, 0), 38.61686611175537)
((-0.3965, 0.1231, -1.8333, 131.75186455055237, 0), 38.68598914146423)
((-0.377, 0.1082, -1.8437, 127.19003666504769, 0), 38.74675512313843)
((-0.3729, 0.134, -1.8542, 121.1718831644569, 0), 38.801504135131836)
((-0.3698, 0.134, -1.8542, 124.618777719147, 0), 38.863917112350464)
((-0.3604, 0.134, -1.8542, 123.43588874279038, 0), 38.91961312294006)
((-0.3573, 0.1434, -1.8542, 122.88824625202012, 0), 38.98142600059509)
((-0.3499, 0.1379, -1.8648, 121.00647206554615, 0), 39.047390937805176)
((-0.3468, 0.1316, -1.8648, 120.83357605852703, 0), 39.104193925857544)
((-0.3551, 0.1323, -1.8755, 115.58550529148587, 0), 39.160773038864136)
((-0.3582, 0.1387, -1.8755, 126.6107890469802, 0), 39.21842408180237)
((-0.3625, 0.1347, -1.8648, 137.77365168858552, 0), 39.27596402168274)
((-0.3677, 0.1323, -1.8755, 145.50300301891795, 0), 39.331960916519165)
((-0.3719, 0.1221, -1.8648, 166.28065473597835, 0), 39.39019203186035)
((-0.3772, 0.1196, -1.8755, 191.20594750740258, 0), 39.44972801208496)
((-0.3889, 0.1108, -1.8864, 218.26398878588077, 0), 39.51140093803406)
((-0.3944, 0.105, -1.8974, 224.46118410211724, 0), 39.56718397140503)
((-0.4071, 0.105, -1.8974, 233.77408145901674, 0), 39.62473797798157)
((-0.4063, 0.0927, -1.9085, 241.60300598325639, 0), 39.69262194633484)
((-0.4184, 0.0867, -1.9198, 237.19695472680164, 0), 39.747435092926025)
((-0.4241, 0.084, -1.9312, 233.6513768402271, 0), 39.8134241104126)
((-0.4339, 0.0774, -1.9312, 222.85241457170147, 0), 39.881601095199585)
((-0.4463, 0.0746, -1.9427, 229.92308789285099, 0), 39.94221496582031)
((-0.443, 0.0516, -1.9427, 223.68351978359587, 0), 40.017159938812256)
((-0.4522, 0.0453, -1.9543, 224.3969088056194, 0), 40.07376194000244)
((-0.4583, 0.0456, -1.9661, 222.99197660472291, 0), 40.12975192070007)
((-0.4583, 0.0422, -1.9661, 222.92684985115358, 0), 40.187987089157104)
((0.0, 0.1, 0.0, 0.0, 1), 40.22716307640076)
((-0.4672, 0.0461, -1.9902, 216.69603143496951, 0), 40.28512907028198)
((-0.6924, 0.1241, -2.9706, 216.70121575974954, 0), 40.346638917922974)
((-0.473, 0.0501, -2.0148, 194.61465882917312, 0), 40.40345907211304)
((-0.4696, 0.0535, -2.0148, 210.32457035119924, 0), 40.47207713127136)
((-0.4662, 0.0569, -2.0148, 203.12410521462724, 0), 40.5265679359436)
((0.0, 0.1, 0.0, 0.0, 1), 40.56313896179199)
((0.0, 0.1, 0.0, 0.0, 1), 40.601557970047)
((0.0, 0.1, 0.0, 0.0, 1), 40.64457392692566)
((0.0, 0.1, 0.0, 0.0, 1), 40.693012952804565)
((0.0, 0.1, 0.0, 0.0, 1), 40.73299694061279)
((-0.4431, 0.0905, -2.0024, 195.42980041644637, 0), 40.793797969818115)
((0.0, 0.1, 0.0, 0.0, 1), 40.8293559551239)
((0.0, 0.1, 0.0, 0.0, 1), 40.872687101364136)
((0.0, 0.1, 0.0, 0.0, 1), 40.909740924835205)
((-0.4193, 0.0982, -1.9543, 180.09597274024622, 0), 40.97085213661194)
((0.0, 0.1, 0.0, 0.0, 1), 41.00740194320679)
((0.0, 0.1, 0.0, 0.0, 1), 41.045170068740845)
((0.0, 0.1, 0.0, 0.0, 1), 41.08504009246826)
((0.0, 0.1, 0.0, 0.0, 1), 41.122748136520386)
((-0.3789, 0.1194, -1.823, 90.0, 0), 41.182289123535156)
((-0.3725, 0.1543, -1.7638, 29.023999198692877, 0), 41.24093794822693)
((-0.3676, 0.1349, -1.7831, 22.982897830193419, 0), 41.298967123031616)
((-0.3627, 0.1615, -1.7449, 25.684161737757012, 0), 41.354954957962036)
((-0.3579, 0.1639, -1.7083, 15.055579211578726, 0), 41.418314933776855)
((-0.358, 0.1756, -1.6818, 20.58267250589692, 0), 41.477219104766846)
((-0.3544, 0.1822, -1.6646, 18.527810620887436, 0), 41.5410840511322)
((-0.3601, 0.1905, -1.6151, 17.705482443779736, 0), 41.596951961517334)
((-0.3656, 0.1987, -1.6151, 12.095767370768396, 0), 41.66394805908203)
((-0.3771, 0.2055, -1.5837, 8.9960448616259665, 0), 41.721307039260864)
((-0.3856, 0.2121, -1.5534, 0.43096722995139647, 0), 41.792290925979614)
((-0.3982, 0.2247, -1.5315, 356.43722876237632, 0), 41.864351987838745)
((-0.4047, 0.2226, -1.5172, 353.06565109873043, 0), 41.935835123062134)
((-0.42, 0.2303, -1.5172, 349.54907583762747, 0), 41.991146087646484)
((-0.4344, 0.2347, -1.4963, 341.99787225087152, 0), 42.04817795753479)
((-0.447, 0.2347, -1.4963, 337.61520460755401, 0), 42.10720896720886)
((-0.452, 0.2397, -1.4963, 331.18005900406922, 0), 42.16602611541748)
((-0.465, 0.2387, -1.4895, 322.27557425510327, 0), 42.22483706474304)
((-0.4797, 0.2397, -1.4963, 321.6418633043499, 0), 42.282262086868286)
((-0.4898, 0.2448, -1.4963, 310.42607874009917, 0), 42.338217973709106)
((-0.5022, 0.2485, -1.5032, 298.72206468372559, 0), 42.398431062698364)
((-0.5074, 0.2499, -1.4963, 285.2224821652423, 0), 42.45633506774902)
((-0.5148, 0.2485, -1.5032, 281.50291902549293, 0), 42.523898124694824)
((-0.5224, 0.251, -1.5032, 278.40068253631785, 0), 42.58766412734985)
((-0.5225, 0.2499, -1.4963, 265.51666283135143, 0), 42.65338206291199)
((-0.5273, 0.2328, -1.5172, 270.0, 0), 42.715731143951416)
((-0.5298, 0.2508, -1.5172, 254.48766291489164, 0), 42.769745111465454)
((-0.5298, 0.2482, -1.5172, 246.8547873165522, 0), 42.82962203025818)
((-0.5297, 0.2546, -1.5243, 247.35577805490902, 0), 42.897655963897705)
((-0.5322, 0.2583, -1.5315, 234.94057303311297, 0), 42.96190309524536)
((-0.5243, 0.2634, -1.5461, 226.6702441298072, 0), 43.033287048339844)
((-0.5189, 0.2647, -1.5534, 198.74502517971371, 0), 43.090579986572266)
((-0.5079, 0.2712, -1.576, 184.66917223055708, 0), 43.147197008132935)
((-0.4973, 0.2712, -1.576, 168.7354802875505, 0), 43.204246044158936)
((-0.4761, 0.2712, -1.576, 162.4537906978949, 0), 43.27041506767273)
((-0.4522, 0.2712, -1.576, 138.95233658211575, 0), 43.33148503303528)
((-0.4395, 0.2738, -1.6071, 127.15237249531508, 0), 43.39342999458313)
((-0.4091, 0.2724, -1.6151, 134.87281756846042, 0), 43.45587992668152)
((-0.3896, 0.2696, -1.6478, 126.9761695050551, 0), 43.51141095161438)
((-0.3777, 0.2682, -1.6561, 129.19958446982741, 0), 43.58081102371216)
((-0.3508, 0.264, -1.6478, 126.88240218067668, 0), 43.64764213562012)
((-0.3309, 0.2624, -1.6732, 119.31728128212249, 0), 43.713335037231445)
((-0.3156, 0.2581, -1.6818, 118.77350151996974, 0), 43.76817202568054)
((-0.2958, 0.2496, -1.6818, 120.21132238583478, 0), 43.83420395851135)
((-0.276, 0.2382, -1.6818, 120.40440128138226, 0), 43.89367914199829)
((-0.2704, 0.2333, -1.6478, 120.98288062332362, 0), 43.94909906387329)
((-0.2605, 0.2313, -1.6732, 103.53289090257134, 0), 44.006511926651)
((0.0, 0.1, 0.0, 0.0, 1), 44.057353019714355)
((-0.2492, 0.2171, -1.6732, 111.35462882761267, 0), 44.11640906333923)
((-0.2477, 0.2182, -1.6818, 100.25456182061932, 0), 44.17605113983154)
((-0.2448, 0.2154, -1.6818, 101.18274063135048, 0), 44.24467992782593)
((-0.2448, 0.2154, -1.6818, 107.78388844269254, 0), 44.30174899101257)
((-0.2464, 0.2115, -1.6732, 95.704004386434733, 0), 44.35836696624756)
((-0.2467, 0.2149, -1.6561, 82.915749051201388, 0), 44.415996074676514)
((-0.2494, 0.2149, -1.6561, 62.371468928464864, 0), 44.47815203666687)
((-0.2578, 0.2121, -1.6561, 45.985872129544767, 0), 44.55089592933655)
((-0.2675, 0.2217, -1.6646, 123.37410135669131, 0), 44.612021923065186)
((-0.2703, 0.2217, -1.6646, 320.85601358542874, 0), 44.669821977615356)
((-0.2732, 0.2255, -1.6313, 292.17497080764315, 0), 44.7248649597168)
((-0.2829, 0.2345, -1.6561, 333.2084844705808, 0), 44.78333902359009)
((-0.2871, 0.2357, -1.6646, 304.00126664777889, 0), 44.848066091537476)
((-0.2913, 0.2373, -1.6561, 292.12761210788852, 0), 44.90848207473755)
((-0.3027, 0.2454, -1.6732, 290.84915140075759, 0), 44.970958948135376)
((-0.3055, 0.2483, -1.6732, 253.01957474419791, 0), 45.03682613372803)
((-0.3128, 0.2524, -1.6818, 253.04810575455295, 0), 45.093120098114014)
((-0.3212, 0.2552, -1.6818, 244.95459832467392, 0), 45.15252113342285)
((-0.3303, 0.2665, -1.6994, 252.23984407574227, 0), 45.212127923965454)
((-0.3314, 0.268, -1.6905, 239.8862668490176, 0), 45.27404308319092)
((-0.3326, 0.2695, -1.6818, 224.51197279483588, 0), 45.335087060928345)
((-0.3435, 0.2766, -1.7083, 242.65639702256684, 0), 45.39406108856201)
((-0.3493, 0.2737, -1.7083, 232.23066302606179, 0), 45.454277992248535)
((-0.3561, 0.278, -1.6994, 228.01278750418334, 0), 45.51916003227234)
((-0.3656, 0.2781, -1.7173, 243.86573603993065, 0), 45.580358028411865)
((-0.3675, 0.2723, -1.6994, 233.72963383967226, 0), 45.64393997192383)
((-0.378, 0.2679, -1.7083, 252.16415967191463, 0), 45.698137044906616)
((-0.3879, 0.2678, -1.7264, 244.98862900665529, 0), 45.75279712677002)
((-0.3887, 0.2635, -1.7173, 244.88516511385555, 0), 45.811607122421265)
((-0.3953, 0.2535, -1.7083, 244.93385985122532, 0), 45.88064694404602)
((-0.4016, 0.2517, -1.7356, 247.08877016858457, 0), 45.935091972351074)
((-0.4045, 0.2428, -1.7356, 244.83212985021828, 0), 45.99309802055359)
((-0.4104, 0.234, -1.7356, 243.68460205564682, 0), 46.05227303504944)
((-0.4126, 0.2294, -1.7449, 236.3099324740202, 0), 46.11182713508606)
((-0.4126, 0.2205, -1.7449, 239.57709379230664, 0), 46.173702001571655)
((-0.4126, 0.2087, -1.7449, 224.74704014462924, 0), 46.234699010849)
((-0.42, 0.202, -1.7638, 223.39099109395264, 0), 46.29597806930542)
((-0.417, 0.1901, -1.7638, 220.63912195872911, 0), 46.35822892189026)
((-0.4163, 0.1761, -1.7734, 211.32478376093206, 0), 46.41787099838257)
((-0.4186, 0.1711, -1.7831, 197.87869659584132, 0), 46.483943939208984)
((-0.4156, 0.162, -1.7831, 199.69202123873657, 0), 46.552942991256714)
((-0.4126, 0.1499, -1.7831, 193.15308658316437, 0), 46.606534004211426)
((-0.4141, 0.1333, -1.8029, 182.65180417047705, 0), 46.66641306877136)
((-0.4165, 0.1218, -1.8129, 181.48145717088707, 0), 46.72648811340332)
((-0.4104, 0.1064, -1.8129, 183.28248553158366, 0), 46.786543130874634)
((-0.4096, 0.1009, -1.823, 178.14695936917346, 0), 46.85560894012451)
((-0.408, 0.077, -1.8437, 170.03619581009286, 0), 46.91042494773865)
((-0.4049, 0.0708, -1.8437, 173.57324691702993, 0), 46.963693141937256)
((-0.3987, 0.0552, -1.8437, 170.7889734591833, 0), 47.023611068725586)
((-0.401, 0.0461, -1.8542, 161.82070739590108, 0), 47.079862117767334)
((-0.4024, 0.0308, -1.8755, 168.39592803739771, 0), 47.13761591911316)
((-0.3993, 0.0149, -1.8755, 173.70064629386948, 0), 47.19452500343323)
((-0.3975, 0.0022, -1.8974, 168.47774956897581, 0), 47.252525091171265)
((-0.3902, -0.0074, -1.9085, 167.32768406367646, 0), 47.30903911590576)
((-0.3925, -0.0237, -1.9198, 168.06906171750973, 0), 47.367741107940674)
((-0.3897, -0.044, -1.9543, 169.98189070732474, 0), 47.427436113357544)
((-0.3897, -0.0605, -1.9543, 170.60489674281899, 0), 47.50049901008606)
((-0.3822, -0.0775, -1.9661, 172.17473676836539, 0), 47.559760093688965)
((-0.3789, -0.0975, -1.9661, 172.32258589996385, 0), 47.616534948349)
